52.0496	68
53.2157	69.999
54.3838	77.998
55.5496	97.9971
56.7153	117.996
57.8808	145.995
59.0462	143.994
60.2114	131.993
61.3765	91.9921
62.5415	89.9912
63.7063	97.9902
64.8709	99.9892
66.0333	107.988
67.1977	109.987
68.3619	109.986
69.5239	115.985
70.6857	107.984
71.8495	121.983
73.011	129.982
74.1723	133.981
75.3357	109.98
76.4968	97.9794
77.6577	87.9784
78.8185	89.9774
79.9791	111.976
81.1396	107.975
82.3	117.974
83.4581	109.974
84.6181	79.9725
85.7781	79.9715
86.9357	89.9706
88.0954	101.97
89.2527	101.969
90.4121	115.968
91.5691	105.967
92.7282	101.966
93.885	91.9647
95.0416	97.9637
96.1981	85.9627
97.3545	85.9617
98.5107	83.9608
99.6668	87.9598
100.823	67.9588
101.978	89.9578
103.132	85.9568
104.288	123.956
105.443	123.955
106.596	123.954
107.751	109.953
108.904	87.9519
110.059	99.951
111.211	105.95
112.363	99.949
113.516	105.948
114.668	99.947
115.822	101.946
116.974	91.9451
118.125	85.9441
119.275	79.9431
120.426	87.9421
121.577	67.9411
122.728	79.9402
123.877	83.9392
125.028	69.9382
126.177	73.9372
127.327	77.9362
128.475	79.9352
129.626	81.9343
130.774	67.9333
131.921	69.9323
133.069	67.9313
134.217	63.9303
135.364	65.9294
136.511	81.9284
137.658	73.9274
138.805	71.9264
139.952	61.9254
141.097	59.9245
142.243	51.9235
143.39	59.9225
144.534	65.9215
145.68	61.9205
146.824	65.9196
147.968	59.9186
149.114	73.9176
150.257	65.9166
151.4	63.9156
152.543	59.9146
153.687	57.9137
154.829	65.9127
155.972	63.9117
157.115	57.9107
158.255	61.9097
159.397	61.9088
160.54	55.9078
161.68	69.9068
162.822	59.9058
163.961	61.9048
165.103	59.9039
166.242	55.9029
167.381	57.9019
168.521	55.9009
169.662	61.8999
170.8	57.899
171.939	59.898
173.078	49.897
174.214	63.896
175.352	65.895
176.49	57.894
177.628	61.8931
178.764	57.8921
179.902	53.8911
181.037	59.8901
182.175	71.8891
183.31	57.8882
184.447	61.8872
185.582	69.8862
186.717	61.8852
187.851	63.8842
188.986	63.8833
190.12	55.8823
191.254	65.8813
192.388	57.8803
193.522	59.8793
194.654	65.8783
195.788	63.8774
196.921	55.8764
198.052	73.8754
199.186	69.8744
200.317	63.8734
201.448	69.8725
202.58	65.8715
203.711	69.8705
204.841	77.8695
205.972	83.8685
207.102	89.8676
208.232	97.8666
209.362	77.8656
210.492	89.8646
211.621	85.8636
212.749	75.8627
213.878	69.8617
215.005	81.8607
216.134	59.8597
217.261	73.8587
218.39	65.8577
219.516	65.8568
220.643	61.8558
221.769	71.8548
222.897	73.8538
224.023	57.8528
225.149	63.8519
226.273	49.8509
227.398	59.8499
228.524	45.8489
229.649	63.8479
230.772	51.847
231.897	57.846
233.022	63.845
234.145	59.844
235.267	53.843
236.392	47.8421
237.514	67.8411
238.636	49.8401
239.758	57.8391
240.88	61.8381
242.002	55.8371
243.123	53.8362
244.245	63.8352
245.366	57.8342
246.487	57.8332
247.606	51.8322
248.727	61.8313
249.846	55.8303
250.967	55.8293
252.085	59.8283
253.205	51.8273
254.324	61.8264
255.442	47.8254
256.559	69.8244
257.677	63.8234
258.795	47.8224
259.912	55.8214
261.03	63.8205
262.147	55.8195
263.264	55.8185
264.379	55.8175
265.495	45.8165
266.612	55.8156
267.727	51.8146
268.841	53.8136
269.957	47.8126
271.071	65.8116
272.185	53.8107
273.299	55.8097
274.412	57.8087
275.526	59.8077
276.639	51.8067
277.752	59.8058
278.866	65.8048
279.978	39.8038
281.089	59.8028
282.202	43.8018
283.314	57.8008
284.425	55.7999
285.535	59.7989
286.647	65.7979
287.757	55.7969
288.867	57.7959
289.977	55.795
291.088	69.794
292.195	55.793
293.305	49.792
294.414	51.791
295.523	43.7901
296.632	55.7891
297.738	49.7881
298.847	49.7871
299.955	63.7861
301.062	55.7852
302.168	51.7842
303.276	53.7832
304.382	57.7822
305.487	43.7812
306.593	49.7802
307.698	55.7793
308.804	53.7783
309.909	59.7773
311.014	61.7763
312.119	51.7753
313.224	51.7744
314.326	49.7734
315.431	47.7724
316.533	49.7714
317.637	57.7704
318.739	51.7695
319.841	57.7685
320.945	43.7675
322.047	49.7665
323.148	65.7655
324.25	45.7645
325.351	49.7636
326.452	57.7626
327.553	57.7616
328.652	49.7606
329.753	45.7596
330.853	47.7587
331.952	57.7577
333.052	51.7567
334.15	41.7557
335.248	57.7547
336.348	43.7538
337.446	51.7528
338.543	51.7518
339.641	51.7508
340.738	43.7498
341.835	53.7489
342.933	53.7479
344.03	45.7469
345.124	53.7459
346.221	69.7449
347.318	51.7439
348.412	45.743
349.508	59.742
350.602	47.741
351.696	59.74
352.792	63.739
353.886	51.7381
354.979	47.7371
356.073	55.7361
357.166	49.7351
358.259	55.7341
359.35	59.7332
360.443	47.7322
361.536	55.7312
362.629	55.7302
363.719	39.7292
364.812	49.7282
365.902	55.7273
366.992	49.7263
368.084	49.7253
369.174	59.7243
370.264	39.7233
371.353	47.7224
372.443	45.7214
373.532	49.7204
374.621	55.7194
375.708	59.7184
376.797	51.7175
377.886	51.7165
378.972	49.7155
380.061	39.7145
381.147	55.7135
382.235	59.7126
383.322	47.7116
384.408	49.7106
385.493	51.7096
386.579	51.7086
387.665	51.7076
388.75	45.7067
389.835	51.7057
390.921	49.7047
392.004	51.7037
393.088	53.7027
394.173	51.7018
395.256	43.7008
396.34	47.6998
397.423	45.6988
398.505	61.6978
399.587	47.6969
400.671	45.6959
401.753	53.6949
402.835	55.6939
403.916	57.6929
404.998	45.692
406.077	55.691
407.158	57.69
408.239	45.689
409.318	41.688
410.399	59.687
411.478	53.6861
412.558	55.6851
413.637	53.6841
414.715	57.6831
415.793	45.6821
416.871	41.6812
417.949	43.6802
419.027	49.6792
420.104	51.6782
421.182	45.6772
422.259	51.6763
423.334	47.6753
424.411	63.6743
425.486	53.6733
426.563	55.6723
427.638	49.6713
428.712	49.6704
429.789	51.6694
430.863	49.6684
431.937	57.6674
433.011	51.6664
434.085	47.6655
435.159	45.6645
436.231	43.6635
437.304	51.6625
438.378	53.6615
439.449	55.6606
440.522	51.6596
441.593	45.6586
442.666	57.6576
443.737	55.6566
444.807	49.6557
445.878	35.6547
446.948	45.6537
448.019	53.6527
449.089	43.6517
450.159	39.6507
451.229	61.6498
452.296	57.6488
453.366	53.6478
454.435	45.6468
455.503	59.6458
456.572	53.6449
457.639	53.6439
458.706	47.6429
459.773	51.6419
460.839	47.6409
461.906	53.64
462.973	49.639
464.039	45.638
465.105	51.637
466.171	45.636
467.237	49.6351
468.301	43.6341
469.367	49.6331
470.43	51.6321
471.496	51.6311
472.559	55.6301
473.622	55.6292
474.685	49.6282
475.748	63.6272
476.811	55.6262
477.873	55.6252
478.936	55.6243
479.998	57.6233
481.061	47.6223
482.121	45.6213
483.183	45.6203
484.243	53.6194
485.305	49.6184
486.364	39.6174
487.424	49.6164
488.485	53.6154
489.544	43.6144
490.604	43.6135
491.663	53.6125
492.721	47.6115
493.78	51.6105
494.837	43.6095
495.895	39.6086
496.954	47.6076
498.01	51.6066
499.068	51.6056
500.124	45.6046
501.18	55.6037
502.238	47.6027
503.294	55.6017
504.349	45.6007
505.404	43.5997
506.46	45.5988
507.515	49.5978
508.568	45.5968
509.623	43.5958
510.678	59.5948
511.73	53.5938
512.785	49.5929
513.837	47.5919
514.891	49.5909
515.943	49.5899
516.996	49.5889
518.047	55.588
519.099	45.587
520.151	47.586
521.202	47.585
522.254	47.584
523.305	47.5831
524.354	53.5821
525.405	49.5811
526.454	37.5801
527.505	47.5791
528.554	47.5782
529.604	47.5772
530.653	59.5762
531.701	55.5752
532.749	51.5742
533.797	45.5732
534.845	43.5723
535.893	45.5713
536.94	47.5703
537.986	47.5693
539.033	51.5683
540.079	55.5674
541.126	51.5664
542.171	47.5654
543.218	55.5644
544.263	43.5634
545.307	39.5625
546.352	37.5615
547.397	61.5605
548.441	43.5595
549.485	49.5585
550.529	45.5575
551.571	45.5566
552.615	47.5556
553.657	53.5546
554.7	55.5536
555.742	47.5526
556.785	37.5517
557.826	47.5507
558.867	49.5497
559.909	45.5487
560.949	47.5477
561.99	45.5468
563.031	47.5458
564.071	55.5448
565.112	43.5438
566.15	45.5428
567.19	47.5419
568.228	47.5409
569.268	45.5399
570.306	49.5389
571.343	47.5379
572.381	55.5369
573.418	47.536
574.456	43.535
575.493	49.534
576.53	55.533
577.567	51.532
578.604	49.5311
579.638	57.5301
580.675	53.5291
581.712	37.5281
582.746	51.5271
583.78	49.5262
584.814	49.5252
585.85	43.5242
586.884	41.5232
587.918	43.5222
588.951	45.5212
589.985	49.5203
591.016	43.5193
592.05	43.5183
593.083	49.5173
594.114	43.5163
595.147	45.5154
596.178	45.5144
597.21	45.5134
598.241	45.5124
599.271	51.5114
600.302	49.5105
601.332	53.5095
602.362	43.5085
603.392	53.5075
604.422	51.5065
605.449	49.5056
606.479	51.5046
607.509	49.5036
608.536	49.5026
609.563	37.5016
610.592	41.5006
611.619	43.4997
612.646	41.4987
613.673	49.4977
614.7	41.4967
615.726	43.4957
616.753	49.4948
617.779	47.4938
618.803	43.4928
619.829	43.4918
620.855	47.4908
621.879	49.4899
622.903	49.4889
623.929	57.4879
624.952	43.4869
625.976	51.4859
626.999	45.485
628.022	41.484
629.045	43.483
630.068	45.482
631.091	39.481
632.111	47.48
633.134	51.4791
634.154	51.4781
635.177	53.4771
636.197	47.4761
637.217	47.4751
638.239	47.4742
639.259	49.4732
640.279	53.4722
641.298	57.4712
642.318	57.4702
643.335	53.4693
644.355	47.4683
645.374	43.4673
646.391	49.4663
647.41	47.4653
648.427	51.4643
649.445	47.4634
650.462	47.4624
651.479	57.4614
652.495	57.4604
653.511	53.4594
654.527	39.4585
655.544	47.4575
656.559	67.4565
657.573	51.4555
658.589	41.4545
659.603	53.4536
660.618	53.4526
661.631	47.4516
662.647	47.4506
663.66	39.4496
664.673	53.4487
665.686	41.4477
666.698	45.4467
667.711	55.4457
668.724	49.4447
669.734	43.4437
670.746	43.4428
671.759	57.4418
672.769	43.4408
673.779	53.4398
674.791	57.4388
675.8	47.4379
676.81	53.4369
677.82	57.4359
678.829	53.4349
679.838	51.4339
680.848	51.433
681.857	53.432
682.866	51.431
683.873	43.43
684.881	53.429
685.888	57.4281
686.896	49.4271
687.903	53.4261
688.909	45.4251
689.915	51.4241
690.922	47.4231
691.927	39.4222
692.933	53.4212
693.939	45.4202
694.945	59.4192
695.948	53.4182
696.954	53.4173
697.957	47.4163
698.962	41.4153
699.965	59.4143
700.968	47.4133
701.971	51.4124
702.974	51.4114
703.976	59.4104
704.979	53.4094
705.981	51.4084
706.984	51.4074
707.986	59.4065
708.986	59.4055
709.988	43.4045
710.988	57.4035
711.99	47.4025
712.989	55.4016
713.989	45.4006
714.988	45.3996
715.987	49.3986
716.987	49.3976
717.986	49.3967
718.985	53.3957
719.982	55.3947
720.98	63.3937
721.977	63.3927
722.976	51.3918
723.972	49.3908
724.97	43.3898
725.966	47.3888
726.963	57.3878
727.959	45.3868
728.954	53.3859
729.95	53.3849
730.946	45.3839
731.939	49.3829
732.935	55.3819
733.928	49.381
734.924	47.38
735.917	61.379
736.912	47.378
737.905	53.377
738.897	51.3761
739.89	55.3751
740.883	51.3741
741.875	51.3731
742.867	51.3721
743.858	43.3712
744.85	49.3702
745.842	55.3692
746.832	49.3682
747.822	51.3672
748.813	51.3662
749.803	55.3653
750.792	57.3643
751.782	55.3633
752.771	51.3623
753.76	47.3613
754.749	49.3604
755.738	49.3594
756.725	59.3584
757.714	49.3574
758.701	57.3564
759.689	53.3555
760.676	59.3545
761.662	53.3535
762.648	51.3525
763.634	57.3515
764.62	51.3505
765.606	45.3496
766.592	53.3486
767.578	55.3476
768.563	45.3466
769.547	59.3456
770.532	61.3447
771.515	57.3437
772.498	49.3427
773.484	47.3417
774.466	59.3407
775.449	57.3398
776.432	57.3388
777.415	55.3378
778.395	59.3368
779.378	55.3358
780.36	53.3349
781.34	47.3339
782.322	57.3329
783.302	59.3319
784.284	59.3309
785.264	51.3299
786.244	57.329
787.223	51.328
788.203	51.327
789.182	53.326
790.161	53.325
791.138	51.3241
792.117	57.3231
793.096	51.3221
794.073	55.3211
795.052	45.3201
796.029	57.3192
797.005	51.3182
797.982	65.3172
798.958	47.3162
799.934	63.3152
800.91	47.3143
801.886	45.3133
802.862	49.3123
803.836	53.3113
804.812	65.3103
805.785	59.3093
806.761	43.3084
807.734	53.3074
808.707	55.3064
809.681	51.3054
810.654	47.3044
811.627	57.3035
812.599	51.3025
813.572	59.3015
814.545	53.3005
815.516	41.2995
816.488	57.2986
817.458	53.2976
818.431	53.2966
819.401	43.2956
820.371	55.2946
821.341	59.2936
822.311	51.2927
823.28	61.2917
824.25	57.2907
825.219	51.2897
826.187	49.2887
827.156	43.2878
828.123	55.2868
829.093	57.2858
830.06	45.2848
831.027	43.2838
831.995	53.2829
832.962	55.2819
833.929	57.2809
834.895	49.2799
835.86	51.2789
836.826	53.278
837.792	49.277
838.756	63.276
839.722	57.275
840.686	59.274
841.652	59.273
842.616	59.2721
843.579	59.2711
844.543	57.2701
845.506	61.2691
846.47	51.2681
847.433	57.2672
848.394	57.2662
849.357	53.2652
850.32	53.2642
851.281	53.2632
852.241	51.2623
853.204	57.2613
854.165	57.2603
855.125	51.2593
856.085	53.2583
857.046	57.2573
858.006	53.2564
858.966	53.2554
859.924	51.2544
860.883	51.2534
861.841	55.2524
862.801	67.2515
863.758	53.2505
864.716	47.2495
865.673	61.2485
866.632	45.2475
867.589	57.2466
868.544	57.2456
869.501	67.2446
870.458	67.2436
871.415	59.2426
872.369	55.2417
873.326	51.2407
874.28	51.2397
875.235	57.2387
876.189	55.2377
877.145	51.2367
878.099	55.2358
879.053	45.2348
880.005	57.2338
880.959	51.2328
881.912	55.2318
882.864	63.2309
883.817	53.2299
884.769	47.2289
885.722	57.2279
886.673	61.2269
887.624	47.226
888.575	47.225
889.526	51.224
890.477	61.223
891.427	55.222
892.378	51.2211
893.326	57.2201
894.277	53.2191
895.225	55.2181
896.175	51.2171
897.123	43.2161
898.071	57.2152
899.019	53.2142
899.967	59.2132
900.915	43.2122
901.862	45.2112
902.81	45.2103
903.757	59.2093
904.703	49.2083
905.65	47.2073
906.595	55.2063
907.54	55.2054
908.487	49.2044
909.432	49.2034
910.377	47.2024
911.321	43.2014
912.266	49.2004
913.208	43.1995
914.153	53.1985
915.097	45.1975
916.039	47.1965
916.983	53.1955
917.925	51.1946
918.867	49.1936
919.809	53.1926
920.752	43.1916
921.694	57.1906
922.634	59.1897
923.575	49.1887
924.516	47.1877
925.458	41.1867
926.397	47.1857
927.338	53.1847
928.277	49.1838
929.216	43.1828
930.156	43.1818
931.095	47.1808
932.033	43.1798
932.972	41.1789
933.908	47.1779
934.847	47.1769
935.785	45.1759
936.721	41.1749
937.659	53.174
938.595	51.173
939.533	51.172
940.468	51.171
941.404	47.17
942.339	57.1691
943.275	45.1681
944.21	49.1671
945.146	47.1661
946.079	47.1651
947.014	41.1642
947.949	47.1632
948.882	49.1622
949.814	43.1612
950.747	55.1602
951.682	55.1592
952.614	43.1583
953.547	49.1564
954.479	47.2078
955.409	51.1169
956.341	47.0446
957.273	45.0917
958.203	47.3075
959.135	56.6575
960.065	48.4715
960.995	39.4823
961.924	47.3653
962.856	59.937
963.785	53.0262
964.713	47.4772
965.642	44.8946
966.571	51.9049
967.5	39.1009
968.427	45.1302
969.356	44.525
970.283	41.5698
971.209	54.6349
972.136	45.4375
973.062	42.5774
973.989	51.3224
974.915	48.8449
975.841	44.8829
976.767	46.4432
977.693	45.3303
978.617	49.2643
979.543	46.1806
980.467	44.0274
981.391	51.983
982.314	49.4291
983.238	46.8736
984.161	51.6892
985.085	51.455
986.008	50.1162
986.931	53.6494
987.854	44.7575
988.775	51.7746
989.698	54.3864
990.619	45.5103
991.539	46.3271
992.46	51.4434
993.383	54.4739
994.303	47.054
995.223	48.8963
996.142	48.3525
997.062	45.4776
997.982	47.8794
998.9	51.845
999.82	50.8683
1000.74	51.9135
1001.66	49.1229
1002.57	41.7391
1003.49	50.4302
1004.41	49.5324
1005.33	46.566
1006.24	45.9265
1007.16	51.5017
1008.08	51.343
1008.99	53.1305
1009.91	48.4752
1010.82	46.6354
1011.74	54.3231
1012.65	52.1331
1013.57	46.3039
1014.48	51.7586
1015.4	45.355
1016.31	53.4058
1017.22	46.6858
1018.14	46.3117
1019.05	49.3949
1019.97	42.1242
1020.88	47.5011
1021.79	50.5599
1022.7	48.321
1023.61	46.1602
1024.53	47.919
1025.44	55.1555
1026.35	50.0315
1027.26	42.7578
1028.17	49.7736
1029.08	55.7576
1029.99	60.3657
1030.9	47.8089
1031.81	45.9206
1032.72	53.0322
1033.63	53.9096
1034.53	51.5539
1035.44	52.9615
1036.35	50.934
1037.26	50.1492
1038.17	51.158
1039.07	51.8393
1039.98	57.0915
1040.89	54.6663
1041.79	52.1183
1042.7	55.7099
1043.6	48.4563
1044.51	47.3871
1045.41	54.1936
1046.32	55.6597
1047.23	46.0958
1048.13	45.2165
1049.03	56.4141
1049.94	60.0285
1050.84	52.1055
1051.75	49.2425
1052.65	52.3155
1053.55	54.5544
1054.45	57.4349
1055.36	51.9364
1055.36	51.9235
1056.33	53.9321
1057.31	45.9408
1058.28	53.9495
1059.25	55.9582
1060.22	57.9668
1061.2	55.9755
1062.17	45.9842
1063.14	51.9928
1064.11	60.0015
1065.08	56.0102
1066.06	52.0189
1067.03	56.0275
1068	56.0362
1068.97	46.0449
1069.94	50.0536
1070.91	50.0622
1071.88	56.0709
1072.85	56.0796
1073.81	62.0883
1074.78	46.0969
1075.75	54.1056
1076.72	60.1143
1077.69	56.1229
1078.66	54.1316
1079.63	52.1403
1080.59	54.149
1081.56	58.1576
1082.53	52.1663
1083.49	62.175
1084.46	54.1837
1085.43	52.1923
1086.39	58.201
1087.36	52.2097
1088.33	54.2184
1089.29	50.227
1090.26	54.2357
1091.22	56.2444
1092.19	62.253
1093.15	50.2617
1094.11	60.2704
1095.08	56.2791
1096.04	62.2877
1097.01	56.2964
1097.97	60.3051
1098.93	58.3138
1099.9	62.3224
1100.86	66.3311
1101.82	54.3398
1102.78	54.3485
1103.74	64.3571
1104.71	62.3658
1105.67	52.3745
1106.63	62.3831
1107.59	62.3918
1108.55	58.4005
1109.51	66.4092
1110.47	54.4178
1111.43	58.4265
1112.39	58.4352
1113.35	54.4439
1114.31	62.4525
1115.27	52.4612
1116.23	56.4699
1117.19	54.4786
1118.14	54.4872
1119.1	62.4959
1120.06	62.5046
1121.02	62.5132
1121.97	60.5219
1122.93	64.5306
1123.89	46.5393
1124.84	54.5479
1125.8	52.5566
1126.76	60.5653
1127.71	50.574
1128.67	52.5826
1129.63	48.5913
1130.58	52.6
1131.54	50.6087
1132.49	58.6173
1133.45	52.626
1134.4	48.6347
1135.35	54.6433
1136.31	52.652
1137.26	52.6607
1138.21	44.6694
1139.17	50.678
1140.12	54.6867
1141.07	50.6954
1142.03	48.7041
1142.98	54.7127
1143.93	54.7214
1144.88	50.7301
1145.83	58.7388
1146.78	52.7474
1147.73	56.7561
1148.68	44.7648
1149.63	48.7734
1150.59	48.7821
1151.54	44.7908
1152.49	54.7995
1153.44	54.8081
1154.39	40.8168
1155.33	54.8255
1156.28	54.8342
1157.23	64.8428
1158.18	56.8515
1159.13	50.8602
1160.07	54.8689
1161.02	52.8775
1161.97	46.8862
1162.92	42.8949
1163.86	52.9035
1164.81	52.9122
1165.76	44.9209
1166.7	52.9296
1167.65	50.9382
1168.59	52.9469
1169.54	54.9556
1170.48	60.9643
1171.43	56.9729
1172.37	56.9816
1173.32	60.9903
1174.26	50.9989
1175.21	55.0076
1176.15	51.0163
1177.1	57.025
1178.04	51.0336
1178.98	47.0423
1179.93	55.051
1180.87	61.0597
1181.81	63.0683
1182.75	43.077
1183.69	53.0857
1184.63	53.0944
1185.58	55.103
1186.52	51.1117
1187.46	51.1204
1188.4	59.129
1189.34	61.1377
1190.28	63.1464
1191.22	55.1551
1192.16	61.1637
1193.1	65.1724
1194.04	51.1811
1194.98	45.1898
1195.92	55.1984
1196.86	61.2071
1197.79	55.2158
1198.73	53.2244
1199.67	69.2331
1200.61	59.2418
1201.54	59.2505
1202.48	53.2591
1203.42	61.2678
1204.35	61.2765
1205.29	65.2852
1206.23	53.2938
1207.16	57.3025
1208.1	49.3112
1209.04	55.3199
1209.97	59.3285
1210.91	65.3372
1211.84	67.3459
1212.77	53.3545
1213.71	61.3632
1214.64	53.3719
1215.58	61.3806
1216.51	57.3892
1217.44	65.3979
1218.38	55.4066
1219.31	59.4153
1220.24	65.4239
1221.17	55.4326
1222.11	51.4413
1223.04	57.45
1223.97	71.4586
1224.9	55.4673
1225.83	45.476
1226.76	57.4846
1227.69	49.4933
1228.62	61.502
1229.55	45.5107
1230.48	63.5193
1231.41	51.528
1232.34	61.5367
1233.27	53.5454
1234.2	55.554
1235.13	49.5627
1236.06	63.5714
1236.99	57.5801
1237.92	49.5887
1238.84	57.5974
1239.77	57.6061
1240.7	61.6147
1241.63	59.6234
1242.55	61.6321
1243.48	57.6408
1244.41	69.6494
1245.33	61.6581
1246.26	61.6668
1247.18	69.6755
1248.11	65.6841
1249.03	75.6928
1249.96	65.7015
1250.89	55.7102
1251.81	71.7188
1252.73	75.7275
1253.66	55.7362
1254.58	63.7448
1255.5	65.7535
1256.43	73.7622
1257.35	61.7709
1258.27	63.7795
1259.2	69.7882
1260.12	65.7969
1261.04	65.8056
1261.96	61.8142
1262.88	71.8229
1263.81	75.8316
1264.73	65.8403
1265.65	71.8489
1266.57	77.8576
1267.49	73.8663
1268.41	63.8749
1269.33	67.8836
1270.25	61.8923
1271.17	71.901
1272.09	73.9096
1273.01	67.9183
1273.93	77.927
1274.84	67.9357
1275.76	77.9443
1276.68	71.953
1277.6	71.9617
1278.52	71.9704
1279.43	65.979
1280.35	71.9877
1281.27	63.9964
1282.18	72.005
1283.1	80.0137
1284.02	80.0224
1284.93	78.0311
1285.85	74.0397
1286.76	84.0484
1287.68	80.0571
1288.59	80.0658
1289.51	74.0744
1290.42	90.0831
1291.34	84.0918
1292.25	86.1004
1293.17	90.1091
1294.08	100.118
1294.99	100.126
1295.91	90.1351
1296.82	88.1438
1297.73	92.1525
1298.64	96.1612
1299.55	94.1698
1300.47	88.1785
1301.38	90.1872
1302.29	110.196
1303.2	106.205
1304.11	108.213
1305.02	92.2219
1305.93	108.231
1306.84	114.239
1307.75	106.248
1308.66	118.257
1309.57	126.265
1310.48	116.274
1311.39	116.283
1312.3	120.291
1313.21	120.3
1314.11	132.309
1315.02	140.317
1315.93	134.326
1316.84	140.335
1317.75	138.343
1318.65	146.352
1319.56	136.361
1320.46	138.369
1321.37	148.378
1322.28	176.387
1323.19	170.395
1324.09	176.404
1325	178.413
1325.9	166.421
1326.81	198.43
1327.71	180.439
1328.62	210.447
1329.52	196.456
1330.42	216.465
1331.33	218.473
1332.23	218.482
1333.13	220.491
1334.04	242.499
1334.94	242.508
1335.84	236.517
1336.74	238.525
1337.65	252.534
1338.55	248.543
1339.45	278.551
1340.35	270.56
1341.25	290.569
1342.15	268.577
1343.05	274.586
1343.95	296.595
1344.85	302.603
1345.75	308.612
1346.65	294.621
1347.55	286.63
1348.45	314.638
1349.35	286.647
1350.25	280.656
1351.15	278.664
1352.05	286.673
1352.94	278.682
1353.84	272.69
1354.74	266.699
1355.64	272.708
1356.53	234.716
1357.43	266.725
1358.33	254.734
1359.22	248.742
1360.12	236.751
1361.01	232.76
1361.91	218.768
1362.81	240.777
1363.7	234.786
1364.6	204.794
1365.49	218.803
1366.39	200.812
1367.28	182.82
1368.17	180.829
1369.07	176.838
1369.96	188.846
1370.85	184.855
1371.75	174.864
1372.64	170.872
1373.53	146.881
1374.42	152.89
1375.32	166.898
1376.21	138.907
1377.1	128.916
1377.99	136.924
1378.88	132.933
1379.77	130.942
1380.66	130.95
1381.55	130.959
1382.44	140.968
1383.33	130.976
1384.22	118.985
1385.11	104.994
1386	129.002
1386.89	111.011
1387.78	111.02
1388.67	127.028
1389.55	111.037
1390.44	101.046
1391.33	117.055
1392.22	95.0632
1393.1	113.072
1393.99	103.081
1394.88	105.089
1395.77	99.0979
1396.65	95.1065
1397.54	97.1152
1398.42	101.124
1399.31	85.1326
1400.19	95.1412
1401.08	93.1499
1401.96	93.1586
1402.85	97.1673
1403.73	89.1759
1404.62	95.1846
1405.5	83.1933
1406.38	91.202
1407.27	81.2106
1408.15	79.2193
1409.03	83.228
1409.92	71.2366
1410.8	71.2453
1411.68	85.254
1412.56	79.2627
1413.44	95.2713
1414.33	67.28
1415.21	83.2887
1416.09	81.2974
1416.97	87.306
1417.85	87.3147
1418.73	73.3234
1419.61	77.332
1420.49	75.3407
1421.37	73.3494
1422.25	81.3581
1423.13	87.3667
1424.01	75.3754
1424.89	65.3841
1425.76	75.3928
1426.64	71.4014
1427.52	75.4101
1428.4	77.4188
1429.28	77.4275
1430.15	71.4361
1431.03	77.4448
1431.91	67.4535
1432.78	67.4622
1433.66	75.4708
1434.54	73.4795
1435.41	79.4882
1436.29	69.4968
1437.16	71.5055
1438.04	75.5142
1438.91	67.5229
1439.79	73.5315
1440.66	77.5402
1441.53	79.5489
1442.41	77.5575
1443.28	77.5662
1444.15	87.5749
1445.03	63.5836
1445.9	79.5922
1446.77	69.6009
1447.65	73.6096
1448.52	67.6183
1449.39	71.6269
1450.26	75.6356
1451.13	77.6443
1452	67.653
1452.88	67.6616
1453.75	81.6703
1454.62	73.679
1455.49	69.6877
1456.36	75.6963
1457.23	67.705
1458.1	75.7137
1458.97	69.7223
1459.83	71.731
1460.7	71.7397
1461.57	73.7484
1462.44	63.757
1463.31	61.7657
1464.18	79.7744
1465.04	81.7831
1465.91	63.7917
1466.78	81.8004
1467.64	63.8091
1468.51	73.8177
1469.38	65.8264
1470.24	77.8351
1471.11	75.8438
1471.98	61.8524
1472.84	73.8611
1473.71	75.8698
1474.57	81.8785
1475.44	77.8871
1476.3	73.8958
1477.16	69.9045
1478.03	79.9132
1478.89	69.9218
1479.76	69.9305
1480.62	65.9392
1481.48	69.9478
1482.35	75.9565
1483.21	69.9652
1484.07	75.9739
1484.93	77.9825
1485.79	67.9912
1486.66	89.9999
1487.52	76.0086
1488.38	84.0172
1489.24	72.0259
1490.1	72.0346
1490.96	78.0433
1491.82	72.0519
1492.68	66.0606
1493.54	72.0693
1494.4	80.0779
1495.26	64.0866
1496.12	76.0953
1496.98	82.104
1497.83	80.1126
1498.69	72.1213
1499.55	80.13
1500.41	66.1387
1501.27	72.1473
1502.12	74.156
1502.98	70.1647
1503.84	78.1734
1504.69	78.182
1505.55	74.1907
1506.41	64.1994
1507.26	76.208
1508.12	76.2167
1508.97	72.2254
1509.83	74.2341
1510.68	80.2427
1511.54	82.2514
1512.39	76.2601
1513.25	90.2688
1514.1	80.2774
1514.96	74.2861
1515.81	90.2948
1516.66	82.3035
1517.52	94.3121
1518.37	76.3208
1519.22	78.3295
1520.07	88.3381
1520.92	90.3468
1521.78	74.3555
1522.63	84.3642
1523.48	92.3728
1524.33	92.3815
1525.18	84.3902
1526.03	92.3989
1526.88	82.4075
1527.73	88.4162
1528.58	84.4249
1529.43	88.4336
1530.28	82.4422
1531.13	84.4509
1531.98	90.4596
1532.83	92.4682
1533.68	100.477
1534.52	90.4856
1535.37	98.4943
1536.22	94.5029
1537.07	110.512
1537.91	104.52
1538.76	108.529
1539.61	112.538
1540.45	104.546
1541.3	108.555
1542.15	116.564
1542.99	114.572
1543.84	124.581
1544.68	134.59
1545.53	130.598
1546.37	118.607
1547.22	128.616
1548.06	138.624
1548.91	134.633
1549.75	132.642
1550.6	150.65
1551.44	156.659
1552.28	152.668
1553.12	164.676
1553.97	162.685
1554.81	164.694
1555.65	180.702
1556.49	172.711
1557.34	174.72
1558.18	190.728
1559.02	196.737
1559.86	204.746
1560.7	204.754
1561.54	234.763
1562.38	222.772
1563.22	232.78
1564.06	250.789
1564.9	266.798
1565.74	274.806
1566.58	308.815
1567.42	280.824
1568.26	276.833
1569.1	322.841
1569.93	354.85
1570.77	324.859
1571.61	326.867
1572.45	356.876
1573.28	368.885
1574.12	386.893
1574.96	382.902
1575.79	404.911
1576.63	400.919
1577.47	400.928
1578.3	412.937
1579.14	422.945
1579.97	426.954
1580.81	432.963
1581.64	436.971
1582.48	460.98
1583.31	408.989
1584.15	438.997
1584.98	451.006
1585.81	425.015
1586.64	421.023
1587.48	385.032
1588.31	409.041
1589.14	391.049
1589.98	397.058
1590.81	389.067
1591.64	383.075
1592.47	373.084
1593.3	363.093
1594.14	349.101
1594.97	335.11
1595.8	343.119
1596.63	313.127
1597.46	283.136
1598.29	293.145
1599.12	317.153
1599.95	273.162
1600.78	289.171
1601.6	259.179
1602.43	243.188
1603.26	261.197
1604.09	249.205
1604.92	227.214
1605.75	235.223
1606.57	203.231
1607.4	213.24
1608.23	197.249
1609.06	221.258
1609.88	201.266
1610.71	195.275
1611.53	199.284
1612.36	191.292
1613.19	185.301
1614.01	171.31
1614.84	183.318
1615.66	187.327
1616.49	177.336
1617.31	177.344
1618.14	181.353
1618.96	173.362
1619.78	179.37
1620.61	175.379
1621.43	165.388
1622.25	157.396
1623.08	167.405
1623.9	151.414
1624.72	155.422
1625.54	171.431
1626.37	163.44
1627.19	151.448
1628.01	147.457
1628.83	147.466
1629.65	135.474
1630.47	135.483
1631.29	111.492
1632.11	127.5
1632.93	119.509
1633.75	107.518
1634.57	129.526
1635.39	103.535
1636.21	105.544
1637.03	95.5524
1637.85	105.561
1638.66	103.57
1639.48	101.578
1640.3	105.587
1641.12	101.596
1641.94	85.6044
1642.75	81.6131
1643.57	89.6218
1644.39	77.6305
1645.2	93.6391
1646.02	79.6478
1646.83	91.6565
1647.65	73.6652
1648.47	73.6738
1649.28	79.6825
1650.1	67.6912
1650.91	75.6998
1651.72	71.7085
1652.54	63.7172
1653.35	73.7259
1654.17	77.7345
1654.98	71.7432
1655.79	59.7519
1656.61	75.7606
1657.42	69.7692
1658.23	71.7779
1659.04	73.7866
1659.86	71.7952
1660.67	71.8039
1661.48	65.8126
1662.29	69.8213
1663.1	63.8299
1663.91	57.8386
1664.72	63.8473
1665.54	69.856
1666.34	65.8646
1667.16	57.8733
1667.96	59.882
1668.77	55.8907
1669.58	61.8993
1670.39	67.908
1671.2	63.9167
1672.01	57.9254
1672.82	55.934
1673.63	65.9427
1674.43	55.9514
1675.24	63.96
1676.05	61.9687
1676.85	55.9774
1677.66	67.9861
1678.47	53.9947
1679.28	48.0034
1680.08	48.0121
1680.89	58.0208
1681.69	52.0294
1682.5	60.0381
1683.3	60.0468
1684.11	52.0555
1684.91	60.0641
1685.72	64.0728
1686.52	48.0815
1687.32	52.0901
1688.13	56.0988
1688.93	62.1075
1689.74	54.1162
1690.54	56.1248
1691.34	56.1335
1692.14	56.1422
1692.95	56.1509
1693.75	56.1595
1694.55	64.1682
1695.35	64.1769
1696.15	56.1855
1696.95	56.1942
1697.76	56.2029
1698.55	50.2116
1699.36	54.2202
1700.16	50.2289
1700.95	58.2376
1701.76	56.2463
1702.55	46.2549
1703.35	50.2636
1704.15	48.2723
1704.95	56.281
1705.75	56.2896
1706.55	50.2983
1707.35	54.307
1708.14	52.3156
1708.94	58.3243
1709.74	62.333
1710.54	54.3417
1711.33	56.3503
1712.13	50.359
1712.93	52.3677
1713.72	56.3764
1714.52	52.385
1715.31	60.3937
1716.11	56.4024
1716.9	50.411
1717.7	56.4197
1718.49	56.4284
1719.29	56.4371
1720.08	50.4457
1720.88	52.4544
1721.67	56.4631
1722.46	52.4718
1723.26	50.4804
1724.05	48.4973
1724.84	47.1876
1725.63	67.2901
1726.43	63.2816
1727.22	47.654
1728.01	51.7876
1728.8	50.0959
1729.59	53.826
1730.38	61.0499
1731.17	45.8637
1731.97	54.9371
1732.76	53.1618
1733.54	52.5611
1734.34	44.6136
1735.13	50.9411
1735.91	52.17
1736.7	50.7984
1737.49	55.2345
1738.28	56.6759
1739.07	53.9129
1739.86	48.5796
1740.65	49.4211
1741.43	52.4039
1742.22	46.0372
1743.01	52.3826
1743.79	48.9643
1744.58	48.4846
1745.37	54.6137
1746.15	45.5928
1746.94	46.8461
1747.73	42.3405
1748.51	53.7352
1749.3	47.6175
1750.08	49.5903
1750.87	50.9899
1751.65	51.2102
1752.44	47.5058
1753.22	50.2789
1754	45.9035
1754.79	43.8255
1755.57	45.1954
1756.35	46.9969
1757.14	41.3698
1757.92	48.21
1758.7	45.0571
1759.48	42.5938
1760.27	49.6141
1761.05	42.6345
1761.83	44.1289
1762.61	55.8632
1763.39	42.1361
1764.17	47.3555
1764.95	47.209
1765.73	44.1474
1766.51	40.6971
1767.29	44.5963
1768.07	45.9027
1768.85	53.3601
1769.63	98.6789
1770.41	88.1009
1771.19	51.6206
1771.97	43.456
1772.75	42.7226
1773.52	42.5605
1774.3	41.7692
1775.08	45.1076
1775.86	44.1932
1776.63	46.2831
1777.41	44.8087
1778.18	46.4685
1778.96	40.4722
1779.74	40.2205
1780.51	44.14
1781.29	43.6664
1782.06	38.4657
1782.84	40.2389
1783.61	36.7975
1784.39	41.5244
1785.16	42.0405
1785.94	42.5047
1786.71	42.378
1787.48	43.3965
1788.26	38.9447
1789.03	44.7716
1789.8	43.7697
1790.58	35.0529
1791.35	32.6971
1792.12	40.5248
1792.89	40.8664
1793.67	43.2516
1794.44	39.6391
1795.21	33.0893
1795.98	44.4284
1796.75	43.0947
1797.52	34.3446
1798.29	38.9019
1799.06	36.6756
1799.83	36.3896
1800.6	39.9832
1801.37	36.0203
1802.14	37.4659
1802.91	38.3202
1803.68	42.9842
1804.44	148.989
1805.21	23.1594
1805.98	33.8675
1806.75	34.5283
1807.52	31.7285
1808.28	28.9952
1809.05	31.1437
1809.82	36.5943
1810.36	36.5311
1811.2	40.5489
1812.04	38.5668
1812.87	28.5847
1813.71	32.6026
1814.55	34.6204
1815.38	42.6383
1816.22	40.6562
1817.06	30.6741
1817.89	34.6919
1818.73	34.7098
1819.56	34.7277
1820.4	34.7456
1821.23	28.7635
1822.07	28.7813
1822.9	44.7992
1823.74	28.8171
1824.57	38.835
1825.41	32.8528
1826.24	30.8707
1827.07	32.8886
1827.91	34.9065
1828.74	36.9243
1829.57	46.9422
1830.41	38.9601
1831.24	38.978
1832.07	34.9959
1832.9	41.0137
1833.73	35.0316
1834.57	37.0495
1835.4	43.0674
1836.23	37.0852
1837.06	37.1031
1837.89	43.121
1838.72	35.1389
1839.55	35.1567
1840.38	35.1746
1841.21	27.1925
1842.04	35.2104
1842.87	41.2282
1843.7	29.2461
1844.53	35.264
1845.36	39.2819
1846.19	31.2998
1847.02	33.3176
1847.85	43.3355
1848.67	33.3534
1849.5	29.3713
1850.33	43.3891
1851.16	33.407
1851.98	31.4249
1852.81	31.4428
1853.64	33.4607
1854.46	35.4785
1855.29	39.4964
1856.12	37.5143
1856.94	49.5322
1857.77	41.55
1858.59	39.5679
1859.42	33.5858
1860.24	33.6037
1861.07	31.6215
1861.9	25.6394
1862.72	41.6573
1863.54	43.6752
1864.37	47.693
1865.19	31.7109
1866.02	33.7288
1866.84	39.7467
1867.66	39.7646
1868.49	27.7824
1869.31	33.8003
1870.13	35.8182
1870.95	45.8361
1871.78	37.8539
1872.6	37.8718
1873.42	35.8897
1874.24	47.9076
1875.06	37.9254
1875.88	39.9433
1876.71	37.9612
1877.53	35.9791
1878.35	37.997
1879.17	36.0148
1879.99	44.0327
1880.81	42.0506
1881.63	42.0685
1882.45	38.0863
1883.27	36.1042
1884.08	36.1221
1884.9	32.14
1885.72	42.1578
1886.54	32.1757
1887.36	36.1936
1888.18	40.2115
1889	42.2293
1889.81	42.2472
1890.63	48.2651
1891.45	38.283
1892.27	34.3009
1893.08	28.3187
1893.9	36.3366
1894.71	36.3545
1895.53	38.3724
1896.35	40.3902
1897.16	34.4081
1897.98	28.426
1898.79	34.4439
1899.61	34.4617
1900.42	38.4796
1901.24	32.4975
1902.05	38.5154
1902.87	40.5333
1903.68	34.5511
1904.5	38.569
1905.31	40.5869
1906.12	32.6048
1906.94	40.6226
1907.75	36.6405
1908.56	36.6584
1909.37	40.6763
1910.19	34.6941
1911	32.712
1911.81	46.7299
1912.62	42.7478
1913.43	26.7656
1914.24	34.7835
1915.06	42.8014
1915.87	32.8193
1916.68	32.8372
1917.49	50.855
1918.3	40.8729
1919.11	28.8908
1919.92	42.9087
1920.73	40.9265
1921.54	40.9444
1922.35	36.9623
1923.15	38.9802
1923.96	32.998
1924.77	39.0159
1925.58	41.0338
1926.39	39.0517
1927.2	39.0695
1928	29.0874
1928.81	35.1053
1929.62	39.1232
1930.43	37.1411
1931.23	29.1589
1932.04	33.1768
1932.85	41.1947
1933.65	33.2126
1934.46	35.2304
1935.26	39.2483
1936.07	39.2662
1936.88	43.2841
1937.68	37.3019
1938.49	35.3198
1939.29	29.3377
1940.1	39.3556
1940.9	47.3735
1941.7	35.3913
1942.51	41.4092
1943.31	37.4271
1944.11	39.445
1944.92	33.4628
1945.72	33.4807
1946.52	31.4986
1947.33	35.5165
1948.13	43.5343
1948.93	39.5522
1949.73	43.5701
1950.54	35.588
1951.34	33.6059
1952.14	43.6237
1952.94	41.6416
1953.74	29.6595
1954.54	37.6774
1955.34	43.6952
1956.14	33.7131
1956.94	49.731
1957.74	45.7489
1958.54	33.7667
1959.34	31.7846
1960.14	37.8025
1960.94	37.8204
1961.74	27.8383
1962.54	33.8561
1963.34	35.874
1964.14	41.8919
1964.93	33.9098
1965.73	37.9276
1966.53	37.9455
1967.33	33.9634
1968.12	35.9813
1968.92	41.9991
1969.72	44.017
1970.51	30.0349
1971.31	30.0528
1972.11	32.0706
1972.9	42.0885
1973.7	42.1064
1974.49	38.1243
1975.29	44.1422
1976.08	38.16
1976.88	36.1779
1977.67	40.1958
1978.47	38.2137
1979.26	34.2315
1980.05	34.2494
1980.85	48.2673
1981.64	38.2852
1982.44	40.303
1983.23	42.3209
1984.02	50.3388
1984.81	46.3567
1985.61	38.3746
1986.4	38.3924
1987.19	36.4103
1987.98	38.4282
1988.77	42.4461
1989.57	42.4639
1990.36	44.4818
1991.15	32.4997
1991.94	24.5176
1992.73	38.5354
1993.52	40.5533
1994.31	44.5712
1995.1	40.5891
1995.89	36.6069
1996.68	34.6248
1997.47	44.6427
1998.26	36.6606
1999.05	30.6785
1999.84	44.6963
2000.62	40.7142
2001.41	42.7321
2002.2	30.75
2002.99	30.7678
2003.78	30.7857
2004.56	40.8036
2005.35	34.8215
2006.14	34.8393
2006.92	40.8572
2007.71	44.8751
2008.5	40.893
2009.28	42.9109
2010.07	32.9287
2010.86	38.9466
2011.64	38.9645
2012.43	38.9824
2013.21	41.0002
2014	37.0181
2014.78	39.036
2015.57	35.0539
2016.35	43.0717
2017.13	43.0896
2017.92	41.1075
2018.7	39.1254
2019.49	49.1432
2020.27	45.1611
2021.05	43.179
2021.83	35.1969
2022.62	39.2148
2023.4	39.2326
2024.18	43.2505
2024.96	39.2684
2025.75	37.2863
2026.53	49.3041
2027.31	37.322
2028.09	43.3399
2028.87	35.3578
2029.65	49.3756
2030.43	37.3935
2031.21	43.4114
2031.99	45.4293
2032.77	39.4472
2033.55	35.465
2034.33	45.4829
2035.11	37.5008
2035.89	39.5187
2036.67	39.5365
2037.45	37.5544
2038.23	51.5723
2039	35.5902
2039.78	35.608
2040.56	41.6259
2041.34	35.6438
2042.11	33.6617
2042.89	31.6796
2043.67	41.6974
2044.44	41.7153
2045.22	39.7332
2046	41.7511
2046.77	35.7689
2047.55	43.7868
2048.32	37.8047
2049.1	39.8226
2049.87	39.8404
2050.65	37.8583
2051.42	41.8762
2052.2	37.8941
2052.97	41.9119
2053.75	35.9298
2054.52	39.9477
2055.29	37.9656
2056.07	41.9835
2056.84	34.0013
2057.61	48.0192
2058.39	38.0371
2059.16	34.055
2059.93	40.0728
2060.7	38.0907
2061.48	34.1086
2062.25	42.1265
2063.02	48.1443
2063.79	50.1622
2064.56	42.1801
2065.33	40.198
2066.1	40.2159
2066.87	36.2337
2067.64	46.2516
2068.41	58.2695
2069.18	140.287
2069.95	52.3052
2070.72	42.3231
2071.49	30.341
2072.26	40.3589
2073.03	38.3767
2073.8	38.3946
2074.57	38.4125
2075.34	42.4304
2076.1	34.4482
2076.87	38.4661
2077.64	44.484
2078.41	36.5019
2079.17	44.5198
2079.94	38.5376
2080.71	30.5555
2081.47	38.5734
2082.24	48.5913
2083.01	44.6091
2083.77	48.627
2084.54	34.6449
2085.3	36.6628
2086.07	38.6806
2086.83	42.6985
2087.6	26.7164
2088.36	46.7343
2089.13	42.7522
2089.89	42.77
2090.65	42.7879
2091.42	44.8058
2092.18	40.8237
2092.95	48.8415
2093.71	48.8594
2094.47	44.8773
2095.23	36.8952
2096	48.913
2096.76	36.9309
2097.52	46.9488
2098.28	40.9667
2099.04	38.9846
2099.8	37.0024
2100.57	43.0203
2101.33	45.0382
2102.09	41.0561
2102.85	33.0739
2103.61	41.0918
2104.37	39.1097
2105.13	45.1276
2105.89	51.1454
2106.65	55.1633
2107.41	43.1812
2108.17	31.1991
2108.92	47.2169
2109.68	37.2348
2110.44	37.2527
2111.2	35.2706
2111.96	43.2885
2112.72	43.3063
2113.47	41.3242
2114.23	33.3421
2114.99	43.36
2115.75	45.3778
2116.5	39.3957
2117.26	35.4136
2118.01	45.4315
2118.77	49.4493
2119.53	39.4672
2120.28	39.4851
2121.04	43.503
2121.79	47.5209
2122.55	51.5387
2123.3	37.5566
2124.06	43.5745
2124.81	49.5924
2125.57	39.6102
2126.32	35.6281
2127.07	35.646
2127.83	45.6639
2128.58	35.6817
2129.33	41.6996
2130.09	41.7175
2130.84	43.7354
2131.59	49.7533
2132.34	33.7711
2133.1	39.789
2133.85	27.8069
2134.6	41.8248
2135.35	47.8426
2136.1	43.8605
2136.85	39.8784
2137.6	51.8963
2138.35	33.9141
2139.1	41.932
2139.85	35.9499
2140.6	43.9678
2141.35	49.9856
2142.1	40.0035
2142.85	42.0214
2143.6	42.0393
2144.35	52.0572
2145.1	40.075
2145.85	40.0929
2146.59	46.1108
2147.34	38.1287
2148.09	44.1465
2148.84	42.1644
2149.59	42.1823
2150.33	52.2002
2151.08	40.218
2151.83	40.2359
2152.57	38.2538
2153.32	38.2717
2154.07	36.2896
2154.81	38.3074
2155.56	42.3253
2156.3	32.3432
2157.05	46.3611
2157.79	40.3789
2158.54	38.3968
2159.28	42.4147
2160.03	48.4326
2160.77	48.4504
2161.51	52.4683
2162.26	38.4862
2163	42.5041
2163.74	32.5219
2164.49	34.5398
2165.23	34.5577
2165.97	46.5756
2166.72	34.5935
2167.46	34.6113
2168.2	42.6292
2168.94	48.6471
2169.68	40.665
2170.42	36.6828
2171.17	44.7007
2171.91	44.7186
2172.65	48.7365
2173.39	42.7543
2174.13	40.7722
2174.87	38.7901
2175.61	44.808
2176.35	36.8259
2177.09	40.8437
2177.83	44.8616
2178.56	46.8795
2179.3	42.8974
2180.04	32.9152
2180.78	42.9331
2181.52	44.951
2182.26	46.9689
2182.99	40.9867
2183.73	49.0046
2184.47	33.0225
2185.21	43.0404
2185.94	43.0583
2186.68	35.0761
2187.42	41.094
2188.15	49.1119
2188.89	39.1298
2189.63	37.1476
2190.36	41.1655
2191.1	45.1834
2191.83	47.2013
2192.57	39.2191
2193.3	43.237
2194.04	43.2549
2194.77	45.2728
2195.5	41.2906
2196.24	49.3085
2196.97	47.3264
2197.7	43.3443
2198.44	43.3622
2199.17	39.38
2199.9	45.3979
2200.64	47.4158
2201.37	39.4337
2202.1	47.4515
2202.83	45.4694
2203.57	49.4873
2204.3	37.5052
2205.03	39.523
2205.76	39.5409
2206.49	45.5588
2207.22	37.5767
2207.95	43.5946
2208.68	43.6124
2209.41	43.6303
2210.14	39.6482
2210.87	39.6661
2211.6	39.6839
2212.33	41.7018
2213.06	41.7197
2213.79	45.7376
2214.52	51.7554
2215.25	53.7733
2215.97	51.7912
2216.7	41.8091
2217.43	33.827
2218.16	45.8448
2218.88	47.8627
2219.61	41.8806
2220.34	39.8985
2221.06	37.9163
2221.79	41.9342
2222.52	47.9521
2223.24	45.97
2223.97	45.9878
2224.69	40.0057
2225.42	44.0236
2226.14	38.0415
2226.87	44.0593
2227.59	46.0772
2228.32	42.0951
2229.04	42.113
2229.77	40.1309
2230.49	34.1487
2231.21	40.1666
2231.94	44.1845
2232.66	40.2024
2233.38	38.2202
2234.11	50.2381
2234.83	38.256
2235.55	40.2739
2236.27	34.2917
2237	46.3096
2237.72	54.3275
2238.44	42.3454
2239.16	46.3633
2239.88	38.3811
2240.6	52.399
2241.32	36.4169
2242.04	36.4348
2242.76	44.4526
2243.48	44.4705
2244.2	48.4884
2244.92	38.5063
2245.64	40.5241
2246.36	44.542
2247.08	46.5599
2247.8	44.5778
2248.52	48.5956
2249.24	50.6135
2249.95	50.6314
2250.67	42.6493
2251.39	44.6672
2252.11	34.685
2252.83	50.7029
2253.54	36.7208
2254.26	40.7387
2254.98	42.7565
2255.69	42.7744
2256.41	44.7923
2257.12	44.8102
2257.84	40.828
2258.56	44.8459
2259.27	40.8638
2259.99	48.8817
2260.7	42.8996
2261.42	44.9174
2262.13	40.9353
2262.85	42.9532
2263.56	42.9711
2264.27	40.9889
2264.99	47.0068
2265.7	39.0247
2266.41	41.0426
2267.13	43.0604
2267.84	49.0783
2268.55	37.0962
2269.26	43.1141
2269.98	47.132
2270.69	47.1498
2271.4	43.1677
2272.11	35.1856
2272.82	45.2035
2273.53	51.2213
2274.24	39.2392
2274.95	39.2571
2275.67	39.275
2276.38	45.2928
2277.09	43.3107
2277.8	45.3286
2278.5	41.3465
2279.22	45.3643
2279.92	43.3822
2280.63	45.4001
2281.34	43.418
2282.05	51.4359
2282.76	47.4537
2283.47	45.4716
2284.17	47.4895
2284.88	45.5074
2285.59	47.5252
2286.3	47.5431
2287	45.561
2287.71	37.5789
2288.42	39.5967
2289.12	45.6146
2289.83	43.6325
2290.54	35.6504
2291.24	43.6683
2291.95	41.6861
2292.65	41.704
2293.36	47.7219
2294.06	39.7398
2294.77	43.7576
2295.47	45.7755
2296.18	43.7934
2296.88	49.8113
2297.58	47.8291
2298.29	43.847
2298.99	37.8649
2299.69	51.8828
2300.4	49.9007
2301.1	37.9185
2301.8	57.9364
2302.5	53.9543
2303.21	43.9722
2303.91	53.99
2304.61	44.0079
2305.31	40.0258
2306.01	50.0437
2306.71	42.0615
2307.41	44.0794
2308.11	44.0973
2308.81	42.1152
2309.51	36.133
2310.22	48.1509
2310.92	52.1688
2311.61	48.1867
2312.31	50.2046
2313.01	52.2224
2313.71	50.2403
2314.41	44.2582
2315.11	48.2761
2315.81	54.2939
2316.5	48.3118
2317.2	56.3297
2317.9	44.3476
2318.6	50.3654
2319.29	52.3833
2319.99	48.4012
2320.69	46.4191
2321.38	48.437
2322.08	46.4548
2322.78	50.4727
2323.47	42.4906
2324.17	46.5085
2324.86	52.5263
2325.56	52.5442
2326.26	46.5621
2326.95	58.58
2327.65	52.5978
2328.34	60.6157
2329.03	58.6336
2329.73	56.6515
2330.42	68.6693
2331.11	56.6872
2331.81	50.7051
2332.5	42.723
2333.2	50.7409
2333.89	50.7587
2334.58	44.7766
2335.27	48.7945
2335.96	48.8124
2336.66	52.8302
2337.35	42.8481
2338.04	46.866
2338.73	52.8839
2339.42	54.9017
2340.11	38.9196
2340.8	42.9375
2341.49	50.9554
2342.18	40.9733
2342.87	48.9911
2343.56	49.009
2344.25	51.0269
2344.94	51.0448
2345.63	51.0626
2346.32	43.0805
2347.01	51.0984
2347.7	41.1163
2348.38	45.1341
2349.07	51.152
2349.76	51.1699
2350.45	45.1878
2351.14	51.2056
2351.82	57.2235
2352.51	55.2414
2353.2	35.2593
2353.88	43.2772
2354.57	47.295
2355.25	43.3129
2355.94	49.3308
2356.63	49.3487
2357.31	49.3665
2358	49.3844
2358.68	43.4023
2359.37	53.4202
2360.05	55.438
2360.74	51.4559
2361.42	57.4738
2362.1	51.4917
2362.79	61.5096
2363.47	49.5274
2364.16	51.5453
2364.84	49.5632
2365.52	55.5811
2366.2	51.5989
2366.89	51.6168
2367.57	51.6347
2368.25	45.6526
2368.93	47.6704
2369.61	47.6883
2370.29	45.7062
2370.98	43.7241
2371.66	49.7419
2372.34	53.7598
2373.02	53.7777
2373.7	49.7956
2374.38	55.8135
2375.06	53.8313
2375.74	35.8492
2376.42	43.8671
2377.1	45.885
2377.78	59.9028
2378.46	51.9207
2379.13	47.9386
2379.81	55.9565
2380.49	57.9743
2381.17	41.9922
2381.85	52.0101
2382.52	44.028
2383.2	54.0459
2383.88	48.0637
2384.55	46.0094
2385.23	45.9445
2385.91	51.8471
2386.58	55.5813
2387.26	53.5425
2387.94	51.5886
2388.61	56.8277
2389.29	48.8427
2389.96	52.8401
2390.64	45.3729
2391.31	47.1108
2391.99	54.3763
2392.66	51.7802
2393.33	46.2766
2394.01	59.3474
2394.68	46.7609
2395.36	54.5679
2396.03	46.563
2396.7	56.6334
2397.38	61.0841
2398.05	45.7883
2398.72	42.0939
2399.39	43.2329
2400.06	46.8772
2400.74	50.0142
2401.41	49.2333
2402.08	46.6023
2402.75	55.3049
2403.42	54.7392
2404.09	49.5937
2404.76	47.2262
2405.43	42.7502
2406.1	57.2665
2406.77	48.3666
2407.44	50.9738
2408.11	52.5499
2408.78	53.9956
2409.45	57.5302
2410.12	51.3147
2410.79	50.9477
2411.46	50.5233
2412.12	51.9066
2412.79	54.3793
2413.46	52.6424
2414.13	48.7085
2414.79	54.7066
2415.46	48.7933
2416.13	56.516
2416.8	53.4944
2417.46	52.6672
2418.13	54.4412
2418.79	50.6468
2419.46	51.1746
2420.13	56.8354
2420.79	49.2524
2421.46	47.6076
2422.12	53.1898
2422.79	55.9401
2423.45	57.0939
2424.11	55.063
2424.78	55.1762
2425.44	52.21
2426.11	56.5379
2426.77	53.9057
2427.43	56.7073
2428.09	59.5326
2428.76	58.5537
2429.42	58.0731
2430.08	55.5717
2430.75	58.0481
2431.41	60.7814
2432.07	61.0497
2432.73	54.8041
2433.39	59.691
2434.05	56.5777
2434.71	65.1139
2435.37	52.5516
2436.04	53.2259
2436.7	53.1408
2437.35	58.6972
2438.01	62.2133
2438.67	59.8816
2439.33	53.789
2439.99	51.2393
2440.65	50.8666
2441.31	55.3051
2441.97	49.2208
2442.63	54.2886
2443.29	2446.73
2443.94	1340.99
2444.6	43.746
2445.26	58.6094
2445.92	54.4054
2446.57	54.1608
2447.23	52.1636
2447.89	58.2657
2448.54	56.0653
2449.2	49.4882
2449.86	51.1768
2450.51	62.1468
2451.17	58.9345
2451.82	47.6171
2452.48	47.2728
2453.13	56.6474
2453.79	55.3761
2454.44	58.4351
2455.09	47.8936
2455.75	55.9371
2456.4	49.4167
2457.06	51.1524
2457.71	58.6561
2458.36	60.9026
2458.74	58.8382
2459.46	50.8464
2460.19	50.8546
2460.91	42.8629
2461.64	46.8711
2462.36	50.8793
2463.08	64.8876
2463.8	52.8958
2464.53	52.904
2465.25	40.9123
2465.97	48.9205
2466.69	60.9287
2467.41	48.937
2468.14	54.9452
2468.86	56.9534
2469.58	50.9617
2470.3	58.9699
2471.02	50.9781
2471.74	44.9864
2472.46	54.9946
2473.18	55.0028
2473.9	53.0111
2474.62	49.0193
2475.34	53.0275
2476.06	49.0358
2476.78	51.044
2477.5	41.0522
2478.22	53.0604
2478.94	51.0687
2479.66	53.0769
2480.38	57.0851
2481.09	55.0934
2481.81	57.1016
2482.53	47.1098
2483.25	55.1181
2483.97	55.1263
2484.68	47.1345
2485.4	55.1428
2486.12	53.151
2486.83	57.1592
2487.55	49.1675
2488.27	51.1757
2488.98	45.1839
2489.7	37.1922
2490.41	47.2004
2491.13	55.2086
2491.85	43.2169
2492.56	49.2251
2493.28	59.2333
2493.99	51.2416
2494.71	43.2498
2495.42	49.258
2496.13	49.2662
2496.85	59.2745
2497.56	43.2827
2498.28	43.2909
2498.99	51.2992
2499.7	47.3074
2500.42	51.3156
2501.13	45.3239
2501.84	39.3321
2502.55	57.3403
2503.27	51.3486
2503.98	43.3568
2504.69	47.365
2505.4	47.3733
2506.12	53.3815
2506.83	31.3897
2507.54	45.398
2508.25	39.4062
2508.96	55.4144
2509.67	43.4227
2510.38	45.4309
2511.09	41.4391
2511.8	53.4473
2512.51	47.4556
2513.22	53.4638
2513.93	57.472
2514.64	57.4803
2515.35	47.4885
2516.06	45.4967
2516.77	53.505
2517.48	43.5132
2518.18	43.5214
2518.89	43.5297
2519.6	51.5379
2520.31	59.5461
2521.02	49.5544
2521.72	49.5626
2522.43	51.5708
2523.14	41.5791
2523.85	49.5873
2524.55	45.5955
2525.26	45.6038
2525.96	43.612
2526.67	53.6202
2527.38	51.6285
2528.08	53.6367
2528.79	55.6449
2529.49	55.6531
2530.2	49.6614
2530.9	49.6696
2531.61	39.6778
2532.31	45.6861
2533.02	47.6943
2533.72	49.7025
2534.43	45.7108
2535.13	43.719
2535.83	59.7272
2536.54	53.7355
2537.24	49.7437
2537.95	49.7519
2538.65	55.7602
2539.35	45.7684
2540.05	47.7766
2540.76	49.7849
2541.46	47.7931
2542.16	49.8013
2542.86	51.8096
2543.56	43.8178
2544.26	45.826
2544.97	39.8343
2545.67	49.8425
2546.37	53.8507
2547.07	47.8589
2547.77	47.8672
2548.47	41.8754
2549.17	55.8836
2549.87	43.8919
2550.57	45.9001
2551.27	47.9083
2551.97	45.9166
2552.67	49.9248
2553.37	51.933
2554.06	43.9413
2554.76	41.9495
2555.46	57.9577
2556.16	61.966
2556.86	51.9742
2557.56	47.9824
2558.25	43.9907
2558.95	45.9989
2559.65	50.0071
2560.35	50.0154
2561.04	56.0236
2561.74	44.0318
2562.44	46.0401
2563.13	46.0483
2563.83	40.0565
2564.52	48.0647
2565.22	50.073
2565.92	48.0812
2566.61	48.0894
2567.31	54.0977
2568	50.1059
2568.7	56.1141
2569.39	48.1224
2570.09	44.1306
2570.78	60.1388
2571.47	54.1471
2572.17	54.1553
2572.86	54.1635
2573.56	52.1718
2574.25	48.18
2574.94	52.1882
2575.63	50.1965
2576.33	56.2047
2577.02	56.2129
2577.71	48.2212
2578.4	62.2294
2579.1	52.2376
2579.79	60.2458
2580.48	50.2541
2581.17	48.2623
2581.86	54.2705
2582.55	56.2788
2583.24	62.287
2583.94	54.2952
2584.63	58.3035
2585.32	52.3117
2586.01	56.3199
2586.7	48.3282
2587.39	52.3364
2588.07	54.3446
2588.76	50.3529
2589.45	46.3611
2590.14	56.3693
2590.83	60.3776
2591.52	64.3858
2592.21	54.394
2592.9	66.4023
2593.58	62.4105
2594.27	62.4187
2594.96	56.427
2595.65	62.4352
2596.33	48.4434
2597.02	64.4517
2597.71	54.4599
2598.4	58.4681
2599.08	62.4763
2599.77	68.4846
2600.45	60.4928
2601.14	56.501
2601.82	64.5093
2602.51	66.5175
2603.2	48.5257
2603.88	58.534
2604.57	62.5422
2605.25	64.5504
2605.94	62.5587
2606.62	60.5669
2607.31	70.5751
2607.99	70.5834
2608.67	62.5916
2609.36	64.5998
2610.04	68.6081
2610.72	60.6163
2611.41	56.6245
2612.09	74.6328
2612.77	60.641
2613.45	70.6492
2614.14	66.6574
2614.82	74.6657
2615.5	70.6739
2616.18	70.6821
2616.86	62.6904
2617.54	68.6986
2618.23	74.7068
2618.91	54.7151
2619.59	76.7233
2620.27	80.7315
2620.95	74.7398
2621.63	68.748
2622.31	72.7562
2622.99	90.7645
2623.67	72.7727
2624.35	76.7809
2625.03	84.7892
2625.71	74.7974
2626.38	80.8056
2627.06	76.8139
2627.74	80.8221
2628.42	68.8303
2629.1	74.8386
2629.78	84.8468
2630.45	82.855
2631.13	86.8633
2631.81	90.8715
2632.49	88.8797
2633.16	86.8879
2633.84	82.8962
2634.52	84.9044
2635.19	86.9126
2635.87	104.921
2636.54	82.9291
2637.22	90.9373
2637.9	102.946
2638.57	88.9538
2639.25	106.962
2639.92	92.9703
2640.6	108.978
2641.27	96.9867
2641.95	114.995
2642.62	103.003
2643.29	105.011
2643.97	97.0197
2644.64	103.028
2645.31	97.0361
2645.99	103.044
2646.66	117.053
2647.33	109.061
2648.01	109.069
2648.68	121.077
2649.35	117.086
2650.02	125.094
2650.7	129.102
2651.37	109.11
2652.04	121.118
2652.71	121.127
2653.38	131.135
2654.05	135.143
2654.72	119.151
2655.4	129.16
2656.07	129.168
2656.74	151.176
2657.41	139.184
2658.08	141.193
2658.75	153.201
2659.41	151.209
2660.08	141.217
2660.75	165.225
2661.42	149.234
2662.09	147.242
2662.76	171.25
2663.43	167.258
2664.1	167.267
2664.77	181.275
2665.43	161.283
2666.1	173.291
2666.77	185.3
2667.44	179.308
2668.1	175.316
2668.77	183.324
2669.43	185.332
2670.1	183.341
2670.77	191.349
2671.43	191.357
2672.1	195.365
2672.76	193.374
2673.43	199.382
2674.1	197.39
2674.76	195.398
2675.43	231.407
2676.09	225.415
2676.76	219.423
2677.42	217.431
2678.08	217.439
2678.75	235.448
2679.41	207.456
2680.07	219.464
2680.74	261.472
2681.4	247.481
2682.06	253.489
2682.73	229.497
2683.39	245.505
2684.05	233.514
2684.71	249.522
2685.38	271.53
2686.04	261.538
2686.7	257.547
2687.36	267.555
2688.02	255.563
2688.68	249.571
2689.35	279.579
2690.01	287.588
2690.67	279.596
2691.33	251.604
2691.99	267.612
2692.65	273.621
2693.31	279.629
2693.97	275.637
2694.63	277.645
2695.28	277.654
2695.94	281.662
2696.6	283.67
2697.26	291.678
2697.92	273.686
2698.58	295.695
2699.24	283.703
2699.89	287.711
2700.55	269.719
2701.21	285.728
2701.87	297.736
2702.52	289.744
2703.18	285.752
2703.84	279.761
2704.49	257.769
2705.15	285.777
2705.81	273.785
2706.46	275.793
2707.12	277.802
2707.77	265.81
2708.43	261.818
2709.08	259.826
2709.74	259.835
2710.39	263.843
2711.05	241.851
2711.7	263.859
2712.36	251.868
2713.01	243.876
2713.66	261.884
2714.32	249.892
2714.97	231.9
2715.62	251.909
2716.28	213.917
2716.93	233.925
2717.58	235.933
2718.24	217.942
2718.89	229.95
2719.54	223.958
2720.19	231.966
2720.84	245.975
2721.5	215.983
2722.15	199.991
2722.8	193.999
2723.45	178.007
2724.1	204.016
2724.75	198.024
2725.4	182.032
2726.05	170.04
2726.7	182.049
2727.35	172.057
2728	166.065
2728.65	158.073
2729.3	168.082
2729.95	150.09
2730.6	162.098
2731.24	164.106
2731.89	150.115
2732.54	166.123
2733.19	146.131
2733.84	150.139
2734.48	148.147
2735.13	152.156
2735.78	146.164
2736.43	140.172
2737.07	142.18
2737.72	110.189
2738.37	140.197
2739.01	144.205
2739.66	138.213
2740.3	118.222
2740.95	128.23
2741.6	130.238
2742.24	120.246
2742.89	122.254
2743.53	106.263
2744.18	130.271
2744.82	118.279
2745.47	130.287
2746.11	120.296
2746.75	126.304
2747.4	116.312
2748.04	96.3203
2748.69	104.329
2749.33	102.337
2749.97	104.345
2750.61	100.353
2751.26	110.361
2751.9	104.37
2752.54	98.3779
2753.18	98.3862
2753.83	90.3944
2754.47	94.4026
2755.11	92.4109
2755.75	94.4191
2756.39	90.4273
2757.03	88.4356
2757.67	88.4438
2758.31	86.452
2758.95	88.4603
2759.59	82.4685
2760.23	88.4767
2760.87	80.4849
2761.51	72.4932
2762.15	70.5014
2762.79	74.5096
2763.43	84.5179
2764.07	80.5261
2764.71	68.5343
2765.35	72.5426
2765.99	78.5508
2766.62	72.559
2767.26	76.5673
2767.9	74.5764
2768.54	76.5856
2769.17	68.5948
2769.81	76.604
2770.45	76.6131
2771.08	74.6223
2771.72	80.6315
2772.36	72.6406
2772.99	72.6498
2773.63	76.659
2774.27	62.6681
2774.9	70.6773
2775.54	84.6865
2776.17	62.6956
2776.81	68.7048
2777.44	78.714
2778.08	70.7232
2778.71	62.7323
2779.34	80.7415
2779.98	72.7507
2780.61	64.7598
2781.25	48.769
2781.88	58.7782
2782.51	84.7873
2783.15	64.7965
2783.78	68.8057
2784.41	60.8149
2785.04	64.824
2785.68	66.8332
2786.31	60.8424
2786.94	70.8515
2787.57	54.8607
2788.2	70.8699
2788.83	70.879
2789.47	64.8882
2790.1	58.8974
2790.73	54.9066
2791.36	54.9157
2791.99	60.9249
2792.62	60.9341
2793.25	62.9432
2793.88	60.9524
2794.51	56.9616
2795.14	60.9707
2795.77	64.9799
2796.4	60.9891
2797.02	68.9983
2797.65	61.0074
2798.28	71.0166
2798.91	59.0258
2799.54	65.0349
2800.16	55.0441
2800.79	59.0533
2801.42	63.0624
2802.05	67.0716
2802.67	49.0808
2803.3	59.09
2803.93	63.0991
2804.55	67.1083
2805.18	51.1175
2805.81	57.1266
2806.43	63.1358
2807.06	53.145
2807.68	67.1541
2808.31	57.1633
2808.93	61.1725
2809.56	55.1817
2810.18	59.1908
2810.81	59.2
2811.43	67.2092
2812.06	55.2183
2812.68	55.2275
2813.3	49.2367
2813.93	55.2458
2814.55	57.255
2815.18	53.2642
2815.8	53.2734
2816.42	57.2825
2817.04	53.2917
2817.67	51.3009
2818.29	53.31
2818.91	51.3192
2819.53	61.3284
2820.15	51.3375
2820.78	59.3467
2821.4	53.3559
2822.02	59.3651
2822.64	47.3742
2823.26	55.3834
2823.88	51.3926
2824.5	55.4017
2825.12	55.4109
2825.74	59.4201
2826.36	51.4292
2826.98	61.4384
2827.6	59.4476
2828.22	59.4568
2828.84	63.4659
2829.46	55.4751
2830.08	55.4843
2830.69	61.4934
2831.31	51.5026
2831.93	57.5118
2832.55	51.5209
2833.17	53.5301
2833.78	45.5393
2834.4	45.5485
2835.02	43.5576
2835.63	59.5668
2836.25	45.576
2836.87	53.5851
2837.48	49.5943
2838.1	49.6035
2838.72	51.6126
2839.33	45.6218
2839.95	43.631
2840.56	61.6401
2841.18	55.6493
2841.79	47.6585
2842.41	49.6677
2843.02	45.6768
2843.64	45.686
2844.25	55.6952
2844.86	49.7043
2845.48	55.7135
2846.09	47.7227
2846.7	49.7318
2847.32	49.741
2847.93	53.7502
2848.54	51.7594
2849.16	49.7685
2849.77	57.7777
2850.38	65.7869
2850.99	43.796
2851.6	61.8052
2852.22	59.8144
2852.83	61.8235
2853.44	67.8327
2854.05	53.8419
2854.66	53.8511
2855.27	49.8602
2855.88	51.8694
2856.49	53.8786
2857.1	41.8877
2857.71	41.8969
2858.32	55.9061
2858.93	61.9152
2859.54	47.9244
2860.15	43.9336
2860.76	57.9428
2861.37	61.9519
2861.98	53.9611
2862.58	51.9703
2863.19	43.9794
2863.8	53.9886
2864.41	63.9978
2865.01	50.007
2865.62	60.0161
2866.23	56.0253
2866.84	56.0345
2867.44	58.0436
2868.05	54.0528
2868.66	46.062
2869.26	60.0711
2869.87	50.0803
2870.47	48.0895
2871.08	60.0986
2871.69	66.1078
2872.29	64.117
2872.9	54.1262
2873.5	56.1353
2874.11	48.1445
2874.71	56.1537
2875.31	60.1628
2875.92	52.172
2876.52	62.1812
2877.13	52.1903
2877.73	38.1995
2878.33	58.2087
2878.94	54.2179
2879.54	50.227
2880.14	48.2362
2880.74	52.2454
2881.35	46.2545
2881.95	58.2637
2882.55	56.2729
2883.15	64.282
2883.75	60.2912
2884.36	58.3004
2884.96	58.3096
2885.56	56.3187
2886.16	56.3279
2886.76	52.3371
2887.36	70.3462
2887.96	60.3554
2888.56	60.3646
2889.16	58.3737
2889.76	60.3829
2890.36	60.3921
2890.96	58.4013
2891.56	58.4104
2892.16	52.4196
2892.76	58.4288
2893.35	62.4379
2893.95	62.4471
2894.55	58.4563
2895.15	60.4654
2895.75	60.4746
2896.34	54.4838
2896.94	66.493
2897.54	58.5021
2898.13	54.5113
2898.73	56.5205
2899.33	66.5296
2899.92	56.5388
2900.52	58.548
2901.12	60.5571
2901.71	68.5663
2902.31	60.5755
2902.9	64.5847
2903.5	60.5938
2904.09	52.603
2904.69	62.6122
2905.28	54.6213
2905.88	62.6305
2906.47	52.6397
2907.07	58.6488
2907.66	50.658
2908.25	60.6672
2908.85	56.6764
2909.44	60.6855
2910.03	54.6947
2910.63	62.7039
2911.22	56.713
2911.81	58.7222
2912.4	60.7314
2913	62.7405
2913.59	60.7497
2914.18	68.7589
2914.77	74.7681
2915.36	42.7772
2915.95	58.7864
2916.54	56.7956
2917.13	58.8047
2917.73	72.8139
2918.32	60.8231
2918.91	66.8322
2919.5	62.8414
2920.09	54.8506
2920.68	62.8598
2921.26	64.8689
2921.85	62.8781
2922.44	62.8873
2923.03	68.8964
2923.62	64.9056
2924.21	66.9148
2924.8	52.9239
2925.39	58.9331
2925.97	58.9423
2926.56	52.9515
2927.15	58.9606
2927.73	64.9698
2928.32	56.979
2928.91	68.9881
2929.5	74.9973
2930.08	63.0065
2930.67	65.0156
2931.26	53.0248
2931.84	67.034
2932.43	61.0432
2933.01	61.0523
2933.6	55.0615
2934.18	71.0707
2934.77	57.0798
2935.35	57.089
2935.94	57.0982
2936.52	61.1073
2937.11	63.1165
2937.69	67.1257
2938.27	65.1349
2938.86	67.144
2939.44	65.1532
2940.02	59.1624
2940.61	73.1715
2941.19	69.1807
2941.77	55.1899
2942.35	61.199
2942.94	55.2082
2943.52	65.2174
2944.1	45.2266
2944.68	71.2357
2945.26	73.2449
2945.84	63.2541
2946.42	63.2632
2947.01	69.2724
2947.59	63.2816
2948.17	63.2907
2948.75	67.2999
2949.33	57.3091
2949.91	65.3182
2950.49	67.3274
2951.07	65.3366
2951.65	63.3458
2952.23	61.3549
2952.8	69.3641
2953.38	61.378
2953.96	71.329
2954.54	67.2711
2955.12	53.6076
2955.7	64.9408
2956.27	65.4724
2956.85	67.7266
2957.43	61.6561
2958.01	65.0363
2958.58	67.3335
2959.16	63.8201
2959.74	56.3191
2960.31	60.1504
2960.89	62.3781
2961.46	59.7515
2962.04	58.3345
2962.62	63.847
2963.19	64.9949
2963.77	64.5531
2964.34	64.6213
2964.92	63.5911
2965.49	65.5597
2966.07	57.1461
2966.64	65.2536
2967.21	56.8422
2967.79	56.8009
2968.36	59.8609
2968.94	63.6229
2969.51	68.7158
2970.08	69.1071
2970.66	64.7131
2971.23	54.362
2971.8	54.4653
2972.37	60.9104
2972.95	55.7961
2973.52	58.1722
2974.09	57.5622
2974.66	54.8906
2975.23	53.2716
2975.8	65.3517
2976.37	52.4976
2976.94	59.0943
2977.51	64.5341
2978.09	62.023
2978.65	54.4611
2979.23	56.5509
2979.79	53.3389
2980.36	57.7768
2980.93	53.1978
2981.5	55.0533
2982.07	53.3363
2982.64	53.2478
2983.21	51.4352
2983.78	61.3778
2984.35	57.5236
2984.92	50.4346
2985.48	53.5455
2986.05	53.5841
2986.62	56.4149
2987.18	53.5648
2987.75	58.9468
2988.32	58.4445
2988.89	56.5817
2989.45	60.3801
2990.02	53.635
2990.58	50.5846
2991.15	57.7542
2991.72	52.6499
2992.28	52.533
2992.85	55.5317
2993.41	50.4012
2993.98	52.2208
2994.54	51.7198
2995.11	51.7743
2995.67	54.7629
2996.24	51.6175
2996.8	45.2705
2997.36	50.8223
2997.93	52.3984
2998.49	52.9147
2999.05	54.6258
2999.62	54.1183
3000.18	50.5085
3000.74	49.0931
3001.3	49.8039
3001.87	52.7992
3002.43	50.1261
3002.99	50.4571
3003.55	49.3378
3004.11	52.3279
3004.67	50.2824
3005.24	49.0855
3005.8	50.8752
3006.36	49.7506
3006.92	57.3163
3007.48	53.9989
3008.04	50.8994
3008.6	48.516
3009.16	51.869
3009.72	49.8402
3010.28	48.5628
3010.84	49.8117
3011.4	45.411
3011.95	46.2118
3012.51	43.8842
3013.07	47.4286
3013.63	49.0791
3014.19	50.8069
3014.74	47.8245
3015.3	43.7749
3015.86	45.2055
3016.33	49.7138
3016.96	55.7147
3017.59	53.7156
3018.22	49.7166
3018.84	53.7175
3019.47	43.7185
3020.1	51.7194
3020.73	55.7203
3021.35	45.7213
3021.98	47.7222
3022.61	39.7231
3023.23	39.7241
3023.86	53.725
3024.49	51.7259
3025.11	55.7269
3025.74	39.7278
3026.36	49.7287
3026.99	47.7297
3027.61	39.7306
3028.24	53.7315
3028.86	47.7325
3029.49	49.7334
3030.11	45.7344
3030.74	39.7353
3031.36	51.7362
3031.99	37.7372
3032.61	57.7381
3033.23	49.739
3033.86	49.74
3034.48	47.7409
3035.1	51.7418
3035.73	45.7428
3036.35	53.7437
3036.97	49.7446
3037.6	53.7456
3038.22	45.7465
3038.84	49.7474
3039.46	41.7484
3040.08	49.7493
3040.71	41.7503
3041.33	43.7512
3041.95	39.7521
3042.57	51.7531
3043.19	49.754
3043.81	47.7549
3044.43	45.7559
3045.05	45.7568
3045.67	47.7577
3046.29	45.7587
3046.91	47.7596
3047.53	49.7605
3048.15	51.7615
3048.77	41.7624
3049.39	31.7633
3050.01	49.7643
3050.63	39.7652
3051.25	37.7662
3051.87	39.7671
3052.49	51.768
3053.1	43.769
3053.72	45.7699
3054.34	43.7708
3054.96	41.7718
3055.57	41.7727
3056.19	51.7736
3056.81	45.7746
3057.43	47.7755
3058.04	45.7764
3058.66	39.7774
3059.28	41.7783
3059.89	37.7793
3060.51	55.7802
3061.13	49.7811
3061.74	43.7821
3062.36	45.783
3062.97	53.7839
3063.59	43.7849
3064.2	47.7858
3064.82	39.7867
3065.43	49.7877
3066.05	45.7886
3066.66	41.7895
3067.28	41.7905
3067.89	49.7914
3068.51	55.7923
3069.12	43.7933
3069.73	39.7942
3070.35	51.7952
3070.96	47.7961
3071.57	33.797
3072.19	49.798
3072.8	45.7989
3073.41	45.7998
3074.02	39.8008
3074.64	53.8017
3075.25	45.8026
3075.86	43.8036
3076.47	45.8045
3077.08	41.8054
3077.69	39.8064
3078.31	43.8073
3078.92	57.8082
3079.53	49.8092
3080.14	47.8101
3080.75	49.8111
3081.36	47.812
3081.97	45.8129
3082.58	41.8139
3083.19	31.8148
3083.8	39.8157
3084.41	55.8167
3085.02	49.8176
3085.63	39.8185
3086.24	43.8195
3086.84	51.8204
3087.45	37.8213
3088.06	45.8223
3088.67	43.8232
3089.28	51.8242
3089.89	43.8251
3090.49	41.826
3091.1	47.827
3091.71	45.8279
3092.32	47.8288
3092.92	45.8298
3093.53	37.8307
3094.14	43.8316
3094.74	49.8326
3095.35	45.8335
3095.96	37.8344
3096.56	33.8354
3097.17	35.8363
3097.77	49.8372
3098.38	55.8382
3098.99	45.8391
3099.59	47.84
3100.2	51.841
3100.8	51.8419
3101.4	43.8429
3102.01	55.8438
3102.61	55.8447
3103.22	39.8457
3103.82	43.8466
3104.43	53.8475
3105.03	47.8485
3105.63	39.8494
3106.24	47.8503
3106.84	43.8513
3107.44	37.8522
3108.05	47.8531
3108.65	39.8541
3109.25	47.855
3109.85	45.856
3110.45	45.8569
3111.06	43.8578
3111.66	47.8588
3112.26	45.8597
3112.86	45.8606
3113.46	41.8616
3114.06	41.8625
3114.66	47.8634
3115.26	49.8644
3115.86	41.8653
3116.47	45.8662
3117.07	41.8672
3117.67	47.8681
3118.27	47.869
3118.87	53.87
3119.46	43.8709
3120.06	41.8719
3120.66	43.8728
3121.26	43.8737
3121.86	47.8747
3122.46	45.8756
3123.06	41.8765
3123.66	47.8775
3124.26	39.8784
3124.85	45.8793
3125.45	55.8803
3126.05	43.8812
3126.64	43.8821
3127.24	51.8831
3127.84	39.884
3128.44	49.8849
3129.03	39.8859
3129.63	43.8868
3130.23	41.8878
3130.82	37.8887
3131.42	41.8896
3132.01	49.8906
3132.61	47.8915
3133.2	39.8924
3133.8	47.8934
3134.4	41.8943
3134.99	53.8952
3135.59	43.8962
3136.18	45.8971
3136.78	41.898
3137.37	51.899
3137.96	39.8999
3138.56	37.9008
3139.15	47.9018
3139.74	43.9027
3140.34	43.9037
3140.93	43.9046
3141.52	45.9055
3142.12	35.9065
3142.71	47.9074
3143.3	41.9083
3143.9	43.9093
3144.49	53.9102
3145.08	41.9111
3145.67	51.9121
3146.26	43.913
3146.85	41.9139
3147.45	49.9149
3148.04	47.9158
3148.63	45.9168
3149.22	39.9177
3149.81	39.9186
3150.4	39.9196
3150.99	41.9205
3151.58	51.9214
3152.17	49.9224
3152.76	57.9233
3153.35	47.9242
3153.94	49.9252
3154.53	47.9261
3155.12	39.927
3155.71	47.928
3156.29	53.9289
3156.88	43.9298
3157.47	45.9308
3158.06	53.9317
3158.65	55.9327
3159.24	51.9336
3159.82	35.9345
3160.41	47.9355
3161	47.9364
3161.59	35.9373
3162.17	49.9383
3162.76	53.9392
3163.35	43.9401
3163.93	53.9411
3164.52	35.942
3165.1	57.9429
3165.69	53.9439
3166.28	43.9448
3166.86	35.9457
3167.45	47.9467
3168.03	49.9476
3168.62	43.9486
3169.2	51.9495
3169.79	61.9504
3170.37	37.9514
3170.96	45.9523
3171.54	51.9532
3172.12	51.9542
3172.71	51.9551
3173.29	49.956
3173.88	43.957
3174.46	49.9579
3175.04	35.9588
3175.63	47.9598
3176.21	45.9607
3176.79	51.9617
3177.37	47.9626
3177.96	39.9635
3178.54	43.9645
3179.12	51.9654
3179.7	41.9663
3180.28	53.9673
3180.86	51.9682
3181.45	49.9691
3182.03	53.9701
3182.61	47.971
3183.19	41.9719
3183.77	37.9729
3184.35	43.9738
3184.93	51.9747
3185.51	41.9757
3186.09	51.9766
3186.67	37.9776
3187.25	47.9785
3187.83	45.9794
3188.41	43.9804
3188.99	49.9813
3189.56	45.9822
3190.14	57.9832
3190.72	53.9841
3191.3	47.985
3191.88	37.986
3192.46	39.9869
3193.03	45.9878
3193.61	43.9888
3194.19	45.9897
3194.77	53.9906
3195.34	47.9916
3195.92	49.9925
3196.5	43.9935
3197.07	45.9944
3197.65	45.9953
3198.23	53.9963
3198.8	45.9972
3199.38	39.9981
3199.95	53.9991
