52.0496	86
53.2157	89.996
54.3838	89.992
55.5496	119.988
56.7153	133.984
57.8808	155.98
59.0462	159.976
60.2114	133.972
61.3765	117.968
62.5415	93.964
63.7063	113.96
64.8709	101.956
66.0333	109.952
67.1977	127.948
68.3619	121.944
69.5239	107.94
70.6857	135.936
71.8495	145.932
73.011	133.928
74.1723	139.924
75.3357	121.92
76.4968	119.916
77.6577	105.912
78.8185	119.908
79.9791	123.904
81.1396	133.9
82.3	135.896
83.4581	113.892
84.6181	107.888
85.7781	103.884
86.9357	103.88
88.0954	101.876
89.2527	129.872
90.4121	143.868
91.5691	131.864
92.7282	117.86
93.885	123.856
95.0416	115.852
96.1981	109.848
97.3545	111.844
98.5107	119.84
99.6668	99.8361
100.823	101.832
101.978	107.828
103.132	105.824
104.288	135.82
105.443	155.816
106.596	121.812
107.751	127.808
108.904	121.804
110.059	121.8
111.211	103.796
112.363	121.792
113.516	95.7882
114.668	125.784
115.822	117.78
116.974	97.7762
118.125	97.7722
119.275	109.768
120.426	107.764
121.577	117.76
122.728	95.7562
123.877	97.7522
125.028	107.748
126.177	91.7442
127.327	89.7402
128.475	93.7362
129.626	93.7322
130.774	91.7282
131.921	81.7242
133.069	79.7202
134.217	91.7162
135.364	91.7122
136.511	83.7082
137.658	91.7042
138.805	97.7002
139.952	81.6962
141.097	81.6922
142.243	81.6882
143.39	87.6842
144.534	93.6803
145.68	75.6763
146.824	89.6723
147.968	81.6683
149.114	85.6643
150.257	91.6603
151.4	85.6563
152.543	77.6523
153.687	97.6483
154.829	75.6443
155.972	81.6403
157.115	77.6363
158.255	83.6323
159.397	87.6283
160.54	95.6243
161.68	77.6203
162.822	75.6163
163.961	77.6123
165.103	79.6083
166.242	69.6043
167.381	73.6003
168.521	73.5963
169.662	89.5923
170.8	75.5883
171.939	81.5843
173.078	83.5803
174.214	83.5763
175.352	77.5723
176.49	83.5683
177.628	79.5643
178.764	81.5603
179.902	73.5564
181.037	83.5524
182.175	77.5484
183.31	83.5444
184.447	93.5404
185.582	81.5364
186.717	95.5324
187.851	81.5284
188.986	75.5244
190.12	71.5204
191.254	77.5164
192.388	95.5124
193.522	81.5084
194.654	81.5044
195.788	65.5004
196.921	91.4964
198.052	83.4924
199.186	79.4884
200.317	83.4844
201.448	83.4804
202.58	81.4764
203.711	93.4724
204.841	97.4684
205.972	103.464
207.102	99.4604
208.232	95.4564
209.362	97.4524
210.492	77.4484
211.621	83.4444
212.749	87.4404
213.878	79.4364
215.005	85.4324
216.134	79.4285
217.261	75.4245
218.39	89.4205
219.516	83.4165
220.643	83.4125
221.769	87.4085
222.897	95.4045
224.023	83.4005
225.149	77.3965
226.273	85.3925
227.398	69.3885
228.524	81.3845
229.649	81.3805
230.772	79.3765
231.897	79.3725
233.022	91.3685
234.145	83.3645
235.267	81.3605
236.392	81.3565
237.514	85.3525
238.636	75.3485
239.758	79.3445
240.88	77.3405
242.002	71.3365
243.123	83.3325
244.245	79.3285
245.366	81.3245
246.487	91.3205
247.606	79.3165
248.727	75.3125
249.846	83.3085
250.967	73.3046
252.085	85.3006
253.205	71.2966
254.324	65.2926
255.442	93.2886
256.559	89.2846
257.677	79.2806
258.795	73.2766
259.912	83.2726
261.03	73.2686
262.147	75.2646
263.264	91.2606
264.379	83.2566
265.495	83.2526
266.612	73.2486
267.727	73.2446
268.841	85.2406
269.957	79.2366
271.071	95.2326
272.185	81.2286
273.299	77.2246
274.412	91.2206
275.526	77.2166
276.639	77.2126
277.752	85.2086
278.866	83.2046
279.978	83.2006
281.089	81.1966
282.202	81.1926
283.314	71.1886
284.425	77.1846
285.535	79.1806
286.647	77.1767
287.757	69.1727
288.867	83.1687
289.977	87.1647
291.088	77.1607
292.195	83.1567
293.305	69.1527
294.414	85.1487
295.523	71.1447
296.632	81.1407
297.738	73.1367
298.847	79.1327
299.955	77.1287
301.062	83.1247
302.168	81.1207
303.276	87.1167
304.382	75.1127
305.487	83.1087
306.593	87.1047
307.698	83.1007
308.804	81.0967
309.909	75.0927
311.014	71.0887
312.119	77.0847
313.224	77.0807
314.326	73.0767
315.431	87.0727
316.533	79.0687
317.637	79.0647
318.739	83.0607
319.841	85.0567
320.945	77.0528
322.047	81.0488
323.148	93.0448
324.25	77.0408
325.351	71.0368
326.452	71.0328
327.553	73.0288
328.652	77.0248
329.753	81.0208
330.853	85.0168
331.952	79.0128
333.052	73.0088
334.15	73.0048
335.248	85.0008
336.348	86.9968
337.446	80.9928
338.543	72.9888
339.641	78.9848
340.738	88.9808
341.835	76.9768
342.933	76.9728
344.03	72.9688
345.124	80.9648
346.221	88.9608
347.318	78.9568
348.412	74.9528
349.508	76.9488
350.602	82.9448
351.696	78.9408
352.792	76.9368
353.886	86.9328
354.979	66.9289
356.073	80.9249
357.166	72.9209
358.259	74.9169
359.35	74.9129
360.443	82.9089
361.536	68.9049
362.629	90.9009
363.719	86.8969
364.812	74.8929
365.902	76.8889
366.992	72.8849
368.084	78.8809
369.174	72.8769
370.264	82.8729
371.353	76.8689
372.443	76.8649
373.532	78.8609
374.621	74.8569
375.708	74.8529
376.797	68.8489
377.886	72.8449
378.972	70.8409
380.061	68.8369
381.147	80.8329
382.235	72.8289
383.322	78.8249
384.408	80.8209
385.493	70.8169
386.579	70.8129
387.665	80.8089
388.75	72.805
389.835	82.801
390.921	88.797
392.004	84.793
393.088	74.789
394.173	62.785
395.256	68.781
396.34	78.777
397.423	70.773
398.505	74.769
399.587	74.765
400.671	86.761
401.753	76.757
402.835	70.753
403.916	78.749
404.998	74.745
406.077	72.741
407.158	72.737
408.239	70.733
409.318	70.729
410.399	74.725
411.478	82.721
412.558	62.717
413.637	80.713
414.715	78.709
415.793	70.705
416.871	74.701
417.949	70.697
419.027	64.693
420.104	82.689
421.182	76.685
422.259	82.6811
423.334	76.6771
424.411	76.6731
425.486	68.6691
426.563	72.6651
427.638	66.6611
428.712	90.6571
429.789	86.6531
430.863	78.6491
431.937	72.6451
433.011	82.6411
434.085	74.6371
435.159	70.6331
436.231	84.6291
437.304	66.6251
438.378	68.6211
439.449	76.6171
440.522	68.6131
441.593	86.6091
442.666	68.6051
443.737	70.6011
444.807	86.5971
445.878	90.5931
446.948	72.5891
448.019	74.5851
449.089	72.5811
450.159	72.5771
451.229	88.5731
452.296	78.5691
453.366	66.5651
454.435	78.5611
455.503	84.5572
456.572	74.5532
457.639	68.5492
458.706	70.5452
459.773	86.5412
460.839	84.5372
461.906	76.5332
462.973	86.5292
464.039	76.5252
465.105	92.5212
466.171	88.5172
467.237	72.5132
468.301	78.5092
469.367	74.5052
470.43	78.5012
471.496	84.4972
472.559	86.4932
473.622	72.4892
474.685	82.4852
475.748	80.4812
476.811	92.4772
477.873	82.4732
478.936	74.4692
479.998	72.4652
481.061	76.4612
482.121	62.4572
483.183	74.4532
484.243	78.4492
485.305	62.4452
486.364	68.4412
487.424	74.4372
488.485	60.4332
489.544	74.4293
490.604	78.4253
491.663	74.4213
492.721	66.4173
493.78	74.4133
494.837	64.4093
495.895	72.4053
496.954	78.4013
498.01	70.3973
499.068	72.3933
500.124	72.3893
501.18	66.3853
502.238	66.3813
503.294	74.3773
504.349	68.3733
505.404	80.3693
506.46	66.3653
507.515	82.3613
508.568	72.3573
509.623	78.3533
510.678	70.3493
511.73	90.3453
512.785	84.3413
513.837	86.3373
514.891	76.3333
515.943	78.3293
516.996	66.3253
518.047	74.3213
519.099	78.3173
520.151	80.3133
521.202	80.3093
522.254	84.3054
523.305	78.3014
524.354	76.2974
525.405	72.2934
526.454	74.2894
527.505	80.2854
528.554	80.2814
529.604	80.2774
530.653	74.2734
531.701	74.2694
532.749	74.2654
533.797	74.2614
534.845	72.2574
535.893	82.2534
536.94	82.2494
537.986	74.2454
539.033	90.2414
540.079	84.2374
541.126	72.2334
542.171	80.2294
543.218	70.2254
544.263	74.2214
545.307	78.2174
546.352	84.2134
547.397	70.2094
548.441	64.2054
549.485	74.2014
550.529	76.1974
551.571	68.1934
552.615	76.1894
553.657	84.1854
554.7	90.1814
555.742	72.1775
556.785	84.1735
557.826	84.1695
558.867	88.1655
559.909	74.1615
560.949	88.1575
561.99	74.1535
563.031	70.1495
564.071	72.1455
565.112	68.1415
566.15	84.1375
567.19	76.1335
568.228	74.1295
569.268	78.1255
570.306	70.1215
571.343	80.1175
572.381	90.1135
573.418	88.1095
574.456	68.1055
575.493	80.1015
576.53	68.0975
577.567	82.0935
578.604	80.0895
579.638	80.0855
580.675	84.0815
581.712	78.0775
582.746	78.0735
583.78	82.0695
584.814	88.0655
585.85	94.0615
586.884	68.0575
587.918	78.0536
588.951	90.0496
589.985	80.0456
591.016	78.0416
592.05	76.0376
593.083	86.0336
594.114	78.0296
595.147	82.0256
596.178	90.0216
597.21	78.0176
598.241	82.0136
599.271	74.0096
600.302	86.0056
601.332	80.0016
602.362	83.9976
603.392	83.9936
604.422	77.9896
605.449	73.9856
606.479	79.9816
607.509	75.9776
608.536	89.9736
609.563	87.9696
610.592	69.9656
611.619	67.9616
612.646	73.9576
613.673	73.9536
614.7	75.9496
615.726	85.9456
616.753	67.9416
617.779	73.9376
618.803	79.9336
619.829	67.9296
620.855	85.9257
621.879	69.9217
622.903	81.9177
623.929	97.9137
624.952	75.9097
625.976	65.9057
626.999	73.9017
628.022	73.8977
629.045	77.8937
630.068	75.8897
631.091	83.8857
632.111	65.8817
633.134	81.8777
634.154	77.8737
635.177	79.8697
636.197	69.8657
637.217	77.8617
638.239	65.8577
639.259	89.8537
640.279	65.8497
641.298	73.8457
642.318	75.8417
643.335	81.8377
644.355	81.8337
645.374	75.8297
646.391	85.8257
647.41	79.8217
648.427	73.8177
649.445	79.8137
650.462	75.8097
651.479	77.8057
652.495	87.8018
653.511	89.7978
654.527	81.7938
655.544	73.7898
656.559	71.7858
657.573	83.7818
658.589	71.7778
659.603	69.7738
660.618	85.7698
661.631	79.7658
662.647	71.7618
663.66	79.7578
664.673	77.7538
665.686	81.7498
666.698	91.7458
667.711	83.7418
668.724	85.7378
669.734	91.7338
670.746	77.7298
671.759	85.7258
672.769	87.7218
673.779	79.7178
674.791	73.7138
675.8	81.7098
676.81	87.7058
677.82	75.7018
678.829	85.6978
679.838	93.6938
680.848	77.6898
681.857	81.6858
682.866	87.6818
683.873	83.6778
684.881	85.6739
685.888	81.6699
686.896	79.6659
687.903	83.6619
688.909	85.6579
689.915	75.6539
690.922	87.6499
691.927	73.6459
692.933	89.6419
693.939	77.6379
694.945	75.6339
695.948	85.6299
696.954	103.626
697.957	71.6219
698.962	81.6179
699.965	85.6139
700.968	75.6099
701.971	83.6059
702.974	77.6019
703.976	79.5979
704.979	83.5939
705.981	81.5899
706.984	87.5859
707.986	81.5819
708.986	83.5779
709.988	87.5739
710.988	81.5699
711.99	91.5659
712.989	81.5619
713.989	95.5579
714.988	81.5539
715.987	77.5499
716.987	85.546
717.986	79.542
718.985	87.538
719.982	87.534
720.98	87.53
721.977	89.526
722.976	95.522
723.972	85.518
724.97	71.514
725.966	81.51
726.963	93.506
727.959	89.502
728.954	85.498
729.95	81.494
730.946	75.49
731.939	93.486
732.935	77.482
733.928	79.478
734.924	91.474
735.917	73.47
736.912	89.466
737.905	75.462
738.897	83.458
739.89	91.454
740.883	89.45
741.875	83.446
742.867	81.442
743.858	85.438
744.85	91.434
745.842	83.43
746.832	81.426
747.822	83.4221
748.813	87.4181
749.803	75.4141
750.792	83.4101
751.782	91.4061
752.771	81.4021
753.76	77.3981
754.749	81.3941
755.738	77.3901
756.725	85.3861
757.714	97.3821
758.701	81.3781
759.689	79.3741
760.676	81.3701
761.662	83.3661
762.648	91.3621
763.634	85.3581
764.62	83.3541
765.606	89.3501
766.592	81.3461
767.578	99.3421
768.563	89.3381
769.547	93.3341
770.532	79.3301
771.515	81.3261
772.498	95.3221
773.484	69.3181
774.466	87.3141
775.449	93.3101
776.432	97.3061
777.415	87.3021
778.395	81.2981
779.378	79.2942
780.36	87.2902
781.34	87.2862
782.322	77.2822
783.302	87.2782
784.284	95.2742
785.264	87.2702
786.244	89.2662
787.223	75.2622
788.203	83.2582
789.182	77.2542
790.161	95.2502
791.138	97.2462
792.117	77.2422
793.096	87.2382
794.073	95.2342
795.052	83.2302
796.029	93.2262
797.005	85.2222
797.982	85.2182
798.958	85.2142
799.934	89.2102
800.91	89.2062
801.886	83.2022
802.862	91.1982
803.836	87.1942
804.812	87.1902
805.785	87.1862
806.761	87.1822
807.734	73.1782
808.707	89.1742
809.681	77.1702
810.654	83.1663
811.627	87.1623
812.599	85.1583
813.572	101.154
814.545	85.1503
815.516	73.1463
816.488	87.1423
817.458	83.1383
818.431	93.1343
819.401	83.1303
820.371	83.1263
821.341	81.1223
822.311	99.1183
823.28	87.1143
824.25	95.1103
825.219	79.1063
826.187	89.1023
827.156	91.0983
828.123	89.0943
829.093	85.0903
830.06	97.0863
831.027	99.0823
831.995	83.0783
832.962	99.0743
833.929	95.0703
834.895	91.0663
835.86	99.0623
836.826	73.0583
837.792	89.0543
838.756	81.0503
839.722	85.0463
840.686	99.0424
841.652	91.0384
842.616	95.0344
843.579	89.0304
844.543	87.0264
845.506	85.0224
846.47	93.0184
847.433	83.0144
848.394	105.01
849.357	95.0064
850.32	91.0024
851.281	92.9984
852.241	86.9944
853.204	96.9904
854.165	88.9864
855.125	94.9824
856.085	104.978
857.046	94.9744
858.006	88.9704
858.966	96.9664
859.924	88.9624
860.883	100.958
861.841	86.9544
862.801	96.9504
863.758	88.9464
864.716	98.9424
865.673	88.9384
866.632	100.934
867.589	92.9304
868.544	80.9264
869.501	88.9224
870.458	84.9185
871.415	94.9145
872.369	100.91
873.326	84.9065
874.28	88.9025
875.235	88.8985
876.189	88.8945
877.145	82.8905
878.099	86.8865
879.053	82.8825
880.005	104.878
880.959	90.8745
881.912	76.8705
882.864	88.8665
883.817	88.8625
884.769	90.8585
885.722	78.8545
886.673	82.8505
887.624	84.8465
888.575	84.8425
889.526	90.8385
890.477	90.8345
891.427	88.8305
892.378	90.8265
893.326	86.8225
894.277	88.8185
895.225	82.8145
896.175	78.8105
897.123	88.8065
898.071	76.8025
899.019	92.7985
899.967	84.7946
900.915	92.7906
901.862	86.7866
902.81	82.7826
903.757	98.7786
904.703	104.775
905.65	92.7706
906.595	92.7666
907.54	96.7626
908.487	86.7586
909.432	96.7546
910.377	76.7506
911.321	80.7466
912.266	78.7426
913.208	86.7386
914.153	80.7346
915.097	76.7306
916.039	88.7266
916.983	80.7226
917.925	82.7186
918.867	78.7146
919.809	80.7106
920.752	86.7066
921.694	80.7026
922.634	80.6986
923.575	82.6946
924.516	82.6906
925.458	76.6866
926.397	84.6826
927.338	82.6786
928.277	82.6746
929.216	76.6707
930.156	82.6667
931.095	82.6627
932.033	80.6587
932.972	80.6547
933.908	80.6507
934.847	76.6467
935.785	86.6427
936.721	86.6387
937.659	82.6347
938.595	88.6307
939.533	90.6267
940.468	78.6227
941.404	78.6187
942.339	88.6147
943.275	88.6107
944.21	78.6067
945.146	84.6027
946.079	94.5987
947.014	90.5947
947.949	82.5907
948.882	80.5867
949.814	82.5827
950.747	84.5787
951.682	90.5747
952.614	82.5707
953.547	78.6262
954.479	78.6329
955.409	96.1036
956.341	78.7015
957.273	75.0541
958.203	86.3092
959.135	90.0298
960.065	89.9113
960.995	84.2868
961.924	73.617
962.856	83.1724
963.785	88.9985
964.713	76.0093
965.642	86.9006
966.571	80.0898
967.5	82.0384
968.427	98.8013
969.356	84.9939
970.283	79.6963
971.209	94.7896
972.136	90.8002
973.062	84.1809
973.989	74.222
974.915	75.7351
975.841	83.926
976.767	75.568
977.693	83.5599
978.617	86.8565
979.543	90.9707
980.467	80.6421
981.391	83.5607
982.314	82.1752
983.238	89.6644
984.161	85.2756
985.085	83.269
986.008	82.1266
986.931	90.3935
987.854	92.9687
988.775	88.6857
989.698	78.3767
990.619	82.216
991.539	84.6555
992.46	83.8773
993.383	79.557
994.303	83.0517
995.223	88.6012
996.142	97.6578
997.062	81.4703
997.982	91.2822
998.9	78.2664
999.82	89.593
1000.74	81.7461
1001.66	89.1833
1002.57	85.1029
1003.49	87.3959
1004.41	85.8907
1005.33	81.1494
1006.24	88.7694
1007.16	82.8065
1008.08	85.9635
1008.99	85.6983
1009.91	88.384
1010.82	82.9616
1011.74	85.328
1012.65	87.2723
1013.57	86.3868
1014.48	91.3382
1015.4	85.9353
1016.31	87.2302
1017.22	82.1072
1018.14	90.7476
1019.05	80.2831
1019.97	82.3445
1020.88	85.2312
1021.79	90.8092
1022.7	89.3322
1023.61	84.4314
1024.53	89.4332
1025.44	90.7378
1026.35	90.9711
1027.26	90.2121
1028.17	87.5091
1029.08	94.2714
1029.99	86.3184
1030.9	77.5268
1031.81	83.1381
1032.72	95.9803
1033.63	86.7311
1034.53	83.1286
1035.44	90.2905
1036.35	92.3835
1037.26	86.8139
1038.17	87.7056
1039.07	82.9902
1039.98	86.3899
1040.89	91.4599
1041.79	85.8877
1042.7	81.8375
1043.6	91.1851
1044.51	90.5253
1045.41	87.1037
1046.32	82.0079
1047.23	81.6
1048.13	88.1045
1049.03	84.7133
1049.94	81.5559
1050.84	84.1562
1051.75	84.2784
1052.65	90.8477
1053.55	102.501
1054.45	87.691
1055.36	95.2284
1055.36	95.2713
1056.33	95.2659
1057.31	95.2605
1058.28	91.2551
1059.25	83.2496
1060.22	87.2442
1061.2	101.239
1062.17	95.2334
1063.14	101.228
1064.11	113.223
1065.08	97.2171
1066.06	89.2117
1067.03	91.2062
1068	79.2008
1068.97	79.1954
1069.94	103.19
1070.91	77.1845
1071.88	93.1791
1072.85	103.174
1073.81	91.1683
1074.78	91.1628
1075.75	95.1574
1076.72	79.152
1077.69	101.147
1078.66	81.1412
1079.63	89.1357
1080.59	81.1303
1081.56	107.125
1082.53	85.1195
1083.49	103.114
1084.46	101.109
1085.43	105.103
1086.39	83.0978
1087.36	99.0923
1088.33	91.0869
1089.29	97.0815
1090.26	91.0761
1091.22	93.0707
1092.19	87.0652
1093.15	99.0598
1094.11	85.0544
1095.08	97.049
1096.04	91.0435
1097.01	99.0381
1097.97	105.033
1098.93	97.0273
1099.9	103.022
1100.86	97.0164
1101.82	105.011
1102.78	99.0056
1103.74	93.0002
1104.71	100.995
1105.67	76.9893
1106.63	102.984
1107.59	82.9785
1108.55	96.973
1109.51	108.968
1110.47	96.9622
1111.43	102.957
1112.39	98.9513
1113.35	88.9459
1114.31	88.9405
1115.27	92.9351
1116.23	92.9296
1117.19	102.924
1118.14	100.919
1119.1	108.913
1120.06	92.908
1121.02	94.9025
1121.97	98.8971
1122.93	98.8917
1123.89	92.8863
1124.84	92.8808
1125.8	104.875
1126.76	90.87
1127.71	84.8646
1128.67	92.8591
1129.63	98.8537
1130.58	102.848
1131.54	90.8429
1132.49	88.8375
1133.45	74.832
1134.4	106.827
1135.35	104.821
1136.31	84.8158
1137.26	88.8103
1138.21	98.8049
1139.17	84.7995
1140.12	94.7941
1141.07	88.7886
1142.03	90.7832
1142.98	80.7778
1143.93	92.7724
1144.88	96.767
1145.83	90.7615
1146.78	106.756
1147.73	100.751
1148.68	98.7453
1149.63	96.7398
1150.59	86.7344
1151.54	74.729
1152.49	94.7236
1153.44	96.7181
1154.39	84.7127
1155.33	100.707
1156.28	84.7019
1157.23	100.696
1158.18	108.691
1159.13	88.6856
1160.07	86.6802
1161.02	94.6748
1161.97	110.669
1162.92	104.664
1163.86	84.6585
1164.81	92.6531
1165.76	94.6476
1166.7	102.642
1167.65	86.6368
1168.59	100.631
1169.54	92.6259
1170.48	102.621
1171.43	94.6151
1172.37	90.6097
1173.32	100.604
1174.26	100.599
1175.21	100.593
1176.15	92.588
1177.1	96.5826
1178.04	90.5771
1178.98	98.5717
1179.93	100.566
1180.87	98.5609
1181.81	90.5554
1182.75	112.55
1183.69	100.545
1184.63	98.5392
1185.58	90.5338
1186.52	94.5283
1187.46	88.5229
1188.4	78.5175
1189.34	86.5121
1190.28	96.5066
1191.22	106.501
1192.16	104.496
1193.1	82.4904
1194.04	88.4849
1194.98	88.4795
1195.92	90.4741
1196.86	94.4687
1197.79	88.4632
1198.73	84.4578
1199.67	106.452
1200.61	88.447
1201.54	94.4416
1202.48	104.436
1203.42	88.4307
1204.35	98.4253
1205.29	104.42
1206.23	100.414
1207.16	114.409
1208.1	92.4036
1209.04	98.3982
1209.97	96.3927
1210.91	98.3873
1211.84	80.3819
1212.77	90.3765
1213.71	98.3711
1214.64	108.366
1215.58	98.3602
1216.51	100.355
1217.44	96.3494
1218.38	110.344
1219.31	102.339
1220.24	84.3331
1221.17	102.328
1222.11	88.3222
1223.04	94.3168
1223.97	98.3114
1224.9	94.306
1225.83	102.301
1226.76	108.295
1227.69	98.2897
1228.62	88.2843
1229.55	100.279
1230.48	90.2734
1231.41	96.268
1232.34	110.263
1233.27	98.2572
1234.2	98.2517
1235.13	112.246
1236.06	102.241
1236.99	92.2355
1237.92	94.23
1238.84	104.225
1239.77	102.219
1240.7	98.2138
1241.63	96.2084
1242.55	106.203
1243.48	108.198
1244.41	96.1921
1245.33	110.187
1246.26	112.181
1247.18	96.1758
1248.11	98.1704
1249.03	114.165
1249.96	108.16
1250.89	100.154
1251.81	100.149
1252.73	100.143
1253.66	114.138
1254.58	118.132
1255.5	92.127
1256.43	114.122
1257.35	116.116
1258.27	110.111
1259.2	110.105
1260.12	110.1
1261.04	114.094
1261.96	112.089
1262.88	104.084
1263.81	104.078
1264.73	108.073
1265.65	106.067
1266.57	106.062
1267.49	116.057
1268.41	100.051
1269.33	124.046
1270.25	130.04
1271.17	118.035
1272.09	116.029
1273.01	120.024
1273.93	126.019
1274.84	128.013
1275.76	116.008
1276.68	124.002
1277.6	123.997
1278.52	121.991
1279.43	125.986
1280.35	123.981
1281.27	133.975
1282.18	117.97
1283.1	123.964
1284.02	121.959
1284.93	125.953
1285.85	129.948
1286.76	111.943
1287.68	133.937
1288.59	143.932
1289.51	141.926
1290.42	129.921
1291.34	125.915
1292.25	135.91
1293.17	145.905
1294.08	129.899
1294.99	145.894
1295.91	145.888
1296.82	137.883
1297.73	155.878
1298.64	141.872
1299.55	149.867
1300.47	167.861
1301.38	149.856
1302.29	167.85
1303.2	173.845
1304.11	155.84
1305.02	163.834
1305.93	153.829
1306.84	179.823
1307.75	183.818
1308.66	179.812
1309.57	181.807
1310.48	193.802
1311.39	173.796
1312.3	187.791
1313.21	193.785
1314.11	189.78
1315.02	213.774
1315.93	199.769
1316.84	197.764
1317.75	209.758
1318.65	223.753
1319.56	213.747
1320.46	241.742
1321.37	247.737
1322.28	239.731
1323.19	257.726
1324.09	235.72
1325	255.715
1325.9	275.709
1326.81	273.704
1327.71	291.699
1328.62	273.693
1329.52	295.688
1330.42	295.682
1331.33	307.677
1332.23	331.671
1333.13	317.666
1334.04	329.661
1334.94	319.655
1335.84	331.65
1336.74	351.644
1337.65	365.639
1338.55	331.633
1339.45	383.628
1340.35	379.623
1341.25	377.617
1342.15	369.612
1343.05	395.606
1343.95	365.601
1344.85	355.596
1345.75	407.59
1346.65	385.585
1347.55	395.579
1348.45	395.574
1349.35	359.568
1350.25	361.563
1351.15	393.558
1352.05	359.552
1352.94	379.547
1353.84	365.541
1354.74	347.536
1355.64	351.53
1356.53	351.525
1357.43	331.52
1358.33	327.514
1359.22	317.509
1360.12	335.503
1361.01	323.498
1361.91	303.492
1362.81	315.487
1363.7	289.482
1364.6	275.476
1365.49	283.471
1366.39	287.465
1367.28	287.46
1368.17	257.455
1369.07	271.449
1369.96	241.444
1370.85	245.438
1371.75	237.433
1372.64	233.427
1373.53	229.422
1374.42	213.417
1375.32	199.411
1376.21	219.406
1377.1	211.4
1377.99	197.395
1378.88	203.389
1379.77	201.384
1380.66	193.379
1381.55	179.373
1382.44	195.368
1383.33	205.362
1384.22	181.357
1385.11	169.351
1386	159.346
1386.89	157.341
1387.78	173.335
1388.67	187.33
1389.55	165.324
1390.44	169.319
1391.33	167.314
1392.22	167.308
1393.1	167.303
1393.99	149.297
1394.88	149.292
1395.77	159.286
1396.65	155.281
1397.54	161.276
1398.42	155.27
1399.31	141.265
1400.19	139.259
1401.08	137.254
1401.96	147.248
1402.85	131.243
1403.73	135.238
1404.62	141.232
1405.5	137.227
1406.38	131.221
1407.27	133.216
1408.15	129.21
1409.03	133.205
1409.92	141.2
1410.8	141.194
1411.68	125.189
1412.56	125.183
1413.44	141.178
1414.33	111.173
1415.21	135.167
1416.09	137.162
1416.97	117.156
1417.85	123.151
1418.73	115.145
1419.61	105.14
1420.49	115.135
1421.37	117.129
1422.25	127.124
1423.13	115.118
1424.01	125.113
1424.89	115.107
1425.76	123.102
1426.64	127.097
1427.52	105.091
1428.4	121.086
1429.28	107.08
1430.15	113.075
1431.03	117.069
1431.91	113.064
1432.78	125.059
1433.66	125.053
1434.54	111.048
1435.41	111.042
1436.29	119.037
1437.16	119.032
1438.04	113.026
1438.91	117.021
1439.79	103.015
1440.66	121.01
1441.53	135.004
1442.41	124.999
1443.28	118.684
1444.15	118.684
1445.03	118.73
1445.9	118.631
1446.77	118.531
1447.65	118.431
1448.52	118.331
1449.39	118.231
1450.26	118.131
1451.13	118.031
1452	117.931
1452.88	117.831
1453.75	117.731
1454.62	117.68
1455.49	117.68
1456.36	117.68
1457.23	126.907
1458.1	112.901
1458.97	122.896
1459.83	110.891
1460.7	100.885
1461.57	100.88
1462.44	112.874
1463.31	114.869
1464.18	112.863
1465.04	110.858
1465.91	116.853
1466.78	112.847
1467.64	114.842
1468.51	110.836
1469.38	124.831
1470.24	112.825
1471.11	116.82
1471.98	98.8146
1472.84	92.8091
1473.71	102.804
1474.57	114.798
1475.44	118.793
1476.3	108.787
1477.16	116.782
1478.03	126.777
1478.89	106.771
1479.76	124.766
1480.62	122.76
1481.48	112.755
1482.35	116.749
1483.21	126.744
1484.07	114.739
1484.93	108.733
1485.79	106.728
1486.66	116.722
1487.52	122.717
1488.38	106.712
1489.24	112.706
1490.1	118.701
1490.96	118.695
1491.82	114.69
1492.68	118.684
1493.54	110.679
1494.4	118.674
1495.26	92.6681
1496.12	108.663
1496.98	114.657
1497.83	124.652
1498.69	118.646
1499.55	136.641
1500.41	110.636
1501.27	114.63
1502.12	122.625
1502.98	128.619
1503.84	110.614
1504.69	114.608
1505.55	116.603
1506.41	116.598
1507.26	112.592
1508.12	112.587
1508.97	120.581
1509.83	128.576
1510.68	132.571
1511.54	112.565
1512.39	130.56
1513.25	124.554
1514.1	124.549
1514.96	122.543
1515.81	132.538
1516.66	124.533
1517.52	132.527
1518.37	122.522
1519.22	128.516
1520.07	118.511
1520.92	120.505
1521.78	118.5
1522.63	118.495
1523.48	146.489
1524.33	136.484
1525.18	142.478
1526.03	138.473
1526.88	130.467
1527.73	130.462
1528.58	130.457
1529.43	132.451
1530.28	138.446
1531.13	160.44
1531.98	138.435
1532.83	136.43
1533.68	148.424
1534.52	144.419
1535.37	150.413
1536.22	144.408
1537.07	140.402
1537.91	142.397
1538.76	154.392
1539.61	154.386
1540.45	160.381
1541.3	160.375
1542.15	164.37
1542.99	168.364
1543.84	170.359
1544.68	152.354
1545.53	174.348
1546.37	182.343
1547.22	170.337
1548.06	190.332
1548.91	178.326
1549.75	186.321
1550.6	208.316
1551.44	200.31
1552.28	210.305
1553.12	212.299
1553.97	218.294
1554.81	244.289
1555.65	236.283
1556.49	238.278
1557.34	240.272
1558.18	252.267
1559.02	254.261
1559.86	264.256
1560.7	274.251
1561.54	264.245
1562.38	290.24
1563.22	296.234
1564.06	310.229
1564.9	276.223
1565.74	322.218
1566.58	334.213
1567.42	336.207
1568.26	368.202
1569.1	360.196
1569.93	360.191
1570.77	366.185
1571.61	394.18
1572.45	382.175
1573.28	416.169
1574.12	394.164
1574.96	398.158
1575.79	444.153
1576.63	416.147
1577.47	444.142
1578.3	468.137
1579.14	452.131
1579.97	478.126
1580.81	472.12
1581.64	452.115
1582.48	488.11
1583.31	486.104
1584.15	454.099
1584.98	470.093
1585.81	492.088
1586.64	468.082
1587.48	442.077
1588.31	438.072
1589.14	452.066
1589.98	408.061
1590.81	440.055
1591.64	442.05
1592.47	406.044
1593.3	398.039
1594.14	402.034
1594.97	388.028
1595.8	386.023
1596.63	378.017
1597.46	374.012
1598.29	340.007
1599.12	314.001
1599.95	345.996
1600.78	321.99
1601.6	305.985
1602.43	317.979
1603.26	299.974
1604.09	307.969
1604.92	277.963
1605.75	299.958
1606.57	279.952
1607.4	253.947
1608.23	261.941
1609.06	263.936
1609.88	259.931
1610.71	257.925
1611.53	269.92
1612.36	259.914
1613.19	263.909
1614.01	231.903
1614.84	239.898
1615.66	241.893
1616.49	245.887
1617.31	257.882
1618.14	255.876
1618.96	257.871
1619.78	247.865
1620.61	251.86
1621.43	217.855
1622.25	233.849
1623.08	227.844
1623.9	197.838
1624.72	231.833
1625.54	209.828
1626.37	221.822
1627.19	203.817
1628.01	199.811
1628.83	181.806
1629.65	187.8
1630.47	197.795
1631.29	175.79
1632.11	151.784
1632.93	173.779
1633.75	175.773
1634.57	167.768
1635.39	143.762
1636.21	157.757
1637.03	155.752
1637.85	165.746
1638.66	143.741
1639.48	143.735
1640.3	157.73
1641.12	145.724
1641.94	129.719
1642.75	141.714
1643.57	121.708
1644.39	123.703
1645.2	131.697
1646.02	115.692
1646.83	131.687
1647.65	115.681
1648.47	125.676
1649.28	109.67
1650.1	109.665
1650.91	123.659
1651.72	109.654
1652.54	105.649
1653.35	119.643
1654.17	113.638
1654.98	105.632
1655.79	105.627
1656.61	97.6214
1657.42	103.616
1658.23	95.6106
1659.04	93.6052
1659.86	93.5998
1660.67	101.594
1661.48	103.589
1662.29	103.583
1663.1	117.578
1663.91	99.5726
1664.72	103.567
1665.54	93.5618
1666.34	103.556
1667.16	95.5509
1667.96	109.546
1668.77	97.5401
1669.58	103.535
1670.39	101.529
1671.2	85.5238
1672.01	95.5184
1672.82	99.513
1673.63	93.5076
1674.43	105.502
1675.24	93.4967
1676.05	91.4913
1676.85	93.4859
1677.66	89.4804
1678.47	97.475
1679.28	81.4696
1680.08	83.4642
1680.89	89.4587
1681.69	99.4533
1682.5	97.4479
1683.3	101.442
1684.11	93.4371
1684.91	91.4316
1685.72	81.4262
1686.52	89.4208
1687.32	85.4154
1688.13	87.4099
1688.93	87.4045
1689.74	83.3991
1690.54	95.3937
1691.34	85.3882
1692.14	89.3828
1692.95	99.3774
1693.75	85.372
1694.55	91.3666
1695.35	85.3611
1696.15	93.3557
1696.95	77.3503
1697.76	103.345
1698.55	99.3394
1699.36	87.334
1700.16	77.3286
1700.95	95.3232
1701.76	101.318
1702.55	85.3123
1703.35	85.3069
1704.15	85.3015
1704.95	97.2961
1705.75	89.2906
1706.55	101.285
1707.35	81.2798
1708.14	89.2744
1708.94	87.2689
1709.74	87.2635
1710.54	89.2581
1711.33	97.2527
1712.13	83.2472
1712.93	87.2418
1713.72	77.2364
1714.52	87.231
1715.31	105.226
1716.11	95.2201
1716.9	93.2147
1717.7	95.2093
1718.49	77.2039
1719.29	83.1984
1720.08	91.193
1720.88	83.1876
1721.67	89.1822
1722.46	77.1767
1723.26	87.1713
1724.05	85.1673
1724.84	83.1933
1725.63	93.1304
1726.43	96.9361
1727.22	79.5346
1728.01	90.7331
1728.8	94.5154
1729.59	85.458
1730.38	81.5408
1731.17	94.5715
1731.97	78.1143
1732.76	94.1981
1733.54	81.5701
1734.34	83.3785
1735.13	71.1142
1735.91	88.6698
1736.7	85.7102
1737.49	90.569
1738.28	88.8306
1739.07	93.803
1739.86	90.5274
1740.65	82.7945
1741.43	84.5455
1742.22	89.1026
1743.01	79.9034
1743.79	86.9751
1744.58	78.0788
1745.37	81.3428
1746.15	85.7178
1746.94	86.548
1747.73	87.9336
1748.51	88.1036
1749.3	80.4445
1750.08	86.9593
1750.87	92.05
1751.65	84.7761
1752.44	80.4275
1753.22	86.7372
1754	83.1569
1754.79	80.0876
1755.57	100.119
1756.35	89.6214
1757.14	86.4368
1757.92	88.3086
1758.7	93.4233
1759.48	85.2432
1760.27	88.223
1761.05	81.207
1761.83	84.0955
1762.61	85.4884
1763.39	78.1587
1764.17	83.8203
1764.95	93.4342
1765.73	90.2273
1766.51	86.1023
1767.29	79.3094
1768.07	86.6371
1768.85	84.7835
1769.63	87.4427
1770.41	89.1245
1771.19	89.1426
1771.97	84.6018
1772.75	81.6272
1773.52	85.5134
1774.3	91.3286
1775.08	86.3857
1775.86	92.7297
1776.63	87.8803
1777.41	80.8427
1778.18	91.4655
1778.96	82.8021
1779.74	83.4473
1780.51	84.6194
1781.29	81.6415
1782.06	80.1876
1782.84	86.9414
1783.61	89.7915
1784.39	88.3439
1785.16	78.0715
1785.94	85.1721
1786.71	75.0341
1787.48	76.1716
1788.26	83.1168
1789.03	86.054
1789.8	87.3369
1790.58	82.5983
1791.35	84.9115
1792.12	88.4228
1792.89	87.4823
1793.67	81.9332
1794.44	84.14
1795.21	85.8823
1795.98	86.8832
1796.75	87.6918
1797.52	83.9714
1798.29	79.7153
1799.06	87.531
1799.83	92.0635
1800.6	87.4575
1801.37	81.0682
1802.14	81.3486
1802.91	86.3343
1803.68	87.2794
1804.44	78.7473
1805.21	82.8178
1805.98	83.1939
1806.75	77.1183
1807.52	84.2683
1808.28	87.1818
1809.05	82.4554
1809.82	83.4629
1810.36	87.4276
1811.2	85.4275
1812.04	81.4274
1812.87	89.4273
1813.71	77.4272
1814.55	81.4271
1815.38	87.427
1816.22	85.4269
1817.06	73.4268
1817.89	77.4267
1818.73	81.4266
1819.56	87.4265
1820.4	91.4264
1821.23	89.4263
1822.07	89.4262
1822.9	91.4261
1823.74	89.426
1824.57	87.4259
1825.41	81.4258
1826.24	77.4257
1827.07	75.4256
1827.91	93.4255
1828.74	89.4254
1829.57	91.4253
1830.41	87.4252
1831.24	75.4251
1832.07	77.425
1832.9	93.4249
1833.73	91.4248
1834.57	89.4247
1835.4	81.4246
1836.23	77.4245
1837.06	83.4244
1837.89	81.4243
1838.72	81.4241
1839.55	73.424
1840.38	79.424
1841.21	71.4239
1842.04	79.4237
1842.87	91.4236
1843.7	81.4235
1844.53	87.4234
1845.36	87.4233
1846.19	83.4232
1847.02	81.4231
1847.85	85.423
1848.67	89.4229
1849.5	87.4228
1850.33	85.4227
1851.16	85.4226
1851.98	93.4225
1852.81	77.4224
1853.64	81.4223
1854.46	95.4222
1855.29	85.4221
1856.12	79.422
1856.94	79.4219
1857.77	89.4218
1858.59	75.4217
1859.42	75.4216
1860.24	97.4215
1861.07	87.4214
1861.9	85.4213
1862.72	79.4212
1863.54	81.4211
1864.37	79.421
1865.19	81.4209
1866.02	85.4208
1866.84	79.4207
1867.66	85.4206
1868.49	93.4205
1869.31	93.4204
1870.13	77.4203
1870.95	77.4202
1871.78	93.4201
1872.6	101.42
1873.42	75.4199
1874.24	89.4198
1875.06	85.4197
1875.88	77.4196
1876.71	91.4195
1877.53	75.4194
1878.35	89.4193
1879.17	87.4192
1879.99	71.4191
1880.81	87.419
1881.63	81.4189
1882.45	87.4188
1883.27	83.4186
1884.08	97.4185
1884.9	89.4184
1885.72	95.4184
1886.54	83.4182
1887.36	75.4181
1888.18	77.418
1889	87.4179
1889.81	91.4178
1890.63	85.4177
1891.45	89.4176
1892.27	89.4175
1893.08	83.4174
1893.9	81.4173
1894.71	77.4172
1895.53	85.4171
1896.35	105.417
1897.16	75.4169
1897.98	81.4168
1898.79	83.4167
1899.61	73.4166
1900.42	105.417
1901.24	89.4164
1902.05	79.4163
1902.87	87.4162
1903.68	101.416
1904.5	87.416
1905.31	79.4159
1906.12	85.4158
1906.94	87.4157
1907.75	91.4156
1908.56	79.4155
1909.37	99.4154
1910.19	83.4153
1911	75.4152
1911.81	97.4151
1912.62	79.415
1913.43	87.4149
1914.24	83.4148
1915.06	79.4147
1915.87	81.4146
1916.68	83.4145
1917.49	91.4144
1918.3	75.4143
1919.11	83.4142
1919.92	79.4141
1920.73	77.414
1921.54	89.4139
1922.35	79.4138
1923.15	79.4137
1923.96	87.4136
1924.77	85.4135
1925.58	81.4134
1926.39	79.4133
1927.2	77.4131
1928	81.413
1928.81	79.4129
1929.62	89.4128
1930.43	79.4127
1931.23	89.4126
1932.04	81.4125
1932.85	71.4124
1933.65	81.4123
1934.46	91.4122
1935.26	87.4121
1936.07	85.412
1936.88	89.4119
1937.68	85.4118
1938.49	87.4117
1939.29	87.4116
1940.1	77.4115
1940.9	83.4114
1941.7	77.4113
1942.51	77.4112
1943.31	81.4111
1944.11	93.411
1944.92	89.4109
1945.72	95.4108
1946.52	77.4107
1947.33	81.4106
1948.13	87.4105
1948.93	77.4104
1949.73	75.4103
1950.54	87.4102
1951.34	73.4101
1952.14	85.41
1952.94	85.4099
1953.74	91.4098
1954.54	89.4097
1955.34	91.4096
1956.14	75.4095
1956.94	79.4094
1957.74	81.4093
1958.54	67.4092
1959.34	91.4091
1960.14	89.409
1960.94	83.4089
1961.74	87.4088
1962.54	93.4087
1963.34	83.4086
1964.14	93.4085
1964.93	85.4084
1965.73	81.4083
1966.53	87.4082
1967.33	83.4081
1968.12	87.408
1968.92	91.4079
1969.72	77.4078
1970.51	89.4076
1971.31	77.4075
1972.11	91.4074
1972.9	83.4073
1973.7	81.4072
1974.49	91.4071
1975.29	81.407
1976.08	77.4069
1976.88	81.4068
1977.67	77.4067
1978.47	81.4066
1979.26	85.4065
1980.05	69.4064
1980.85	83.4063
1981.64	81.4062
1982.44	89.4061
1983.23	83.406
1984.02	85.4059
1984.81	77.4058
1985.61	87.4057
1986.4	81.4056
1987.19	73.4055
1987.98	85.4054
1988.77	87.4053
1989.57	85.4052
1990.36	79.4051
1991.15	87.405
1991.94	83.4049
1992.73	89.4048
1993.52	87.4047
1994.31	87.4046
1995.1	89.4045
1995.89	85.4044
1996.68	81.4043
1997.47	89.4042
1998.26	87.4041
1999.05	87.404
1999.84	79.4039
2000.62	81.4038
2001.41	81.4037
2002.2	79.4036
2002.99	79.4035
2003.78	85.4034
2004.56	77.4033
2005.35	83.4032
2006.14	83.4031
2006.92	77.403
2007.71	75.4029
2008.5	75.4028
2009.28	89.4027
2010.07	73.4026
2010.86	79.4025
2011.64	81.4024
2012.43	79.4023
2013.21	73.4021
2014	79.402
2014.78	81.4019
2015.57	81.4018
2016.35	85.4017
2017.13	81.4016
2017.92	91.4015
2018.7	81.4014
2019.49	79.4013
2020.27	77.4012
2021.05	89.4011
2021.83	85.401
2022.62	85.4009
2023.4	89.4008
2024.18	79.4007
2024.96	91.4006
2025.75	91.4005
2026.53	83.4004
2027.31	91.4003
2028.09	75.4002
2028.87	91.4001
2029.65	87.4
2030.43	87.3999
2031.21	75.3998
2031.99	81.3997
2032.77	91.3996
2033.55	89.3995
2034.33	95.3994
2035.11	79.3993
2035.89	87.3992
2036.67	85.3991
2037.45	89.399
2038.23	89.3989
2039	81.3988
2039.78	71.3987
2040.56	91.3986
2041.34	83.3985
2042.11	81.3984
2042.89	83.3983
2043.67	79.3982
2044.44	91.3981
2045.22	87.398
2046	83.3979
2046.77	75.3978
2047.55	97.3977
2048.32	101.398
2049.1	77.3975
2049.87	81.3974
2050.65	79.3973
2051.42	87.3972
2052.2	67.3971
2052.97	93.397
2053.75	93.3969
2054.52	89.3968
2055.29	81.3967
2056.07	79.3965
2056.84	83.3964
2057.61	73.3963
2058.39	87.3962
2059.16	89.3961
2059.93	81.396
2060.7	87.3959
2061.48	89.3958
2062.25	85.3957
2063.02	69.3956
2063.79	89.3955
2064.56	85.3954
2065.33	73.3953
2066.1	97.3952
2066.87	81.3951
2067.64	75.395
2068.41	89.3949
2069.18	77.3948
2069.95	85.3947
2070.72	97.3946
2071.49	69.3945
2072.26	77.3944
2073.03	79.3943
2073.8	79.3942
2074.57	87.3941
2075.34	83.394
2076.1	83.3939
2076.87	87.3938
2077.64	89.3937
2078.41	73.3936
2079.17	81.3935
2079.94	83.3934
2080.71	71.3933
2081.47	79.3932
2082.24	79.3931
2083.01	97.393
2083.77	81.3929
2084.54	79.3928
2085.3	87.3927
2086.07	89.3926
2086.83	85.3925
2087.6	71.3924
2088.36	77.3923
2089.13	95.3922
2089.89	85.3921
2090.65	85.392
2091.42	79.3919
2092.18	73.3918
2092.95	81.3917
2093.71	95.3916
2094.47	79.3915
2095.23	89.3914
2096	75.3913
2096.76	85.3912
2097.52	83.391
2098.28	85.3909
2099.04	85.3908
2099.8	95.3907
2100.57	87.3906
2101.33	83.3905
2102.09	77.3904
2102.85	87.3903
2103.61	73.3902
2104.37	87.3901
2105.13	85.39
2105.89	81.3899
2106.65	95.3898
2107.41	95.3897
2108.17	75.3896
2108.92	87.3895
2109.68	83.3894
2110.44	85.3893
2111.2	85.3892
2111.96	77.3891
2112.72	83.389
2113.47	95.3889
2114.23	77.3888
2114.99	93.3887
2115.75	95.3886
2116.5	81.3885
2117.26	79.3884
2118.01	87.3883
2118.77	73.3882
2119.53	81.3881
2120.28	95.388
2121.04	83.3879
2121.79	75.3878
2122.55	81.3877
2123.3	83.3876
2124.06	95.3875
2124.81	93.3874
2125.57	87.3873
2126.32	77.3872
2127.07	77.3871
2127.83	77.387
2128.58	95.3869
2129.33	89.3868
2130.09	79.3867
2130.84	81.3866
2131.59	91.3865
2132.34	77.3864
2133.1	71.3863
2133.85	87.3862
2134.6	69.3861
2135.35	75.386
2136.1	81.3859
2136.85	83.3858
2137.6	89.3857
2138.35	79.3856
2139.1	83.3854
2139.85	73.3853
2140.6	81.3852
2141.35	75.3851
2142.1	85.385
2142.85	71.3849
2143.6	89.3848
2144.35	87.3847
2145.1	83.3846
2145.85	81.3845
2146.59	81.3844
2147.34	75.3843
2148.09	83.3842
2148.84	87.3841
2149.59	81.384
2150.33	81.3839
2151.08	87.3838
2151.83	91.3837
2152.57	97.3836
2153.32	85.3835
2154.07	79.3834
2154.81	79.3833
2155.56	95.3832
2156.3	81.3831
2157.05	85.383
2157.79	79.3829
2158.54	85.3828
2159.28	75.3827
2160.03	81.3826
2160.77	89.3825
2161.51	77.3824
2162.26	89.3823
2163	77.3822
2163.74	87.3821
2164.49	77.382
2165.23	77.3819
2165.97	91.3818
2166.72	91.3817
2167.46	81.3816
2168.2	81.3815
2168.94	77.3814
2169.68	81.3813
2170.42	87.3812
2171.17	87.3811
2171.91	87.381
2172.65	85.3809
2173.39	91.3808
2174.13	93.3807
2174.87	87.3806
2175.61	81.3805
2176.35	77.3804
2177.09	77.3803
2177.83	77.3801
2178.56	83.3801
2179.3	79.3799
2180.04	83.3798
2180.78	75.3797
2181.52	79.3796
2182.26	85.3795
2182.99	85.3794
2183.73	89.3793
2184.47	79.3792
2185.21	103.379
2185.94	87.379
2186.68	91.3789
2187.42	85.3788
2188.15	85.3787
2188.89	91.3786
2189.63	83.3785
2190.36	83.3784
2191.1	73.3783
2191.83	95.3782
2192.57	83.3781
2193.3	73.378
2194.04	89.3779
2194.77	75.3778
2195.5	83.3777
2196.24	85.3776
2196.97	95.3775
2197.7	83.3774
2198.44	79.3773
2199.17	75.3772
2199.9	79.3771
2200.64	81.377
2201.37	93.3769
2202.1	81.3768
2202.83	97.3767
2203.57	83.3766
2204.3	97.3765
2205.03	77.3764
2205.76	83.3763
2206.49	81.3762
2207.22	81.3761
2207.95	83.376
2208.68	65.3759
2209.41	89.3758
2210.14	79.3757
2210.87	79.3756
2211.6	81.3755
2212.33	79.3754
2213.06	85.3753
2213.79	79.3752
2214.52	89.3751
2215.25	91.375
2215.97	91.3749
2216.7	85.3748
2217.43	81.3746
2218.16	75.3745
2218.88	85.3745
2219.61	93.3743
2220.34	79.3742
2221.06	89.3741
2221.79	71.374
2222.52	91.3739
2223.24	79.3738
2223.97	77.3737
2224.69	75.3736
2225.42	93.3735
2226.14	73.3734
2226.87	71.3733
2227.59	77.3732
2228.32	87.3731
2229.04	81.373
2229.77	81.3729
2230.49	83.3728
2231.21	87.3727
2231.94	83.3726
2232.66	89.3725
2233.38	105.372
2234.11	95.3723
2234.83	93.3722
2235.55	85.3721
2236.27	81.372
2237	87.3719
2237.72	83.3718
2238.44	73.3717
2239.16	87.3716
2239.88	85.3715
2240.6	77.3714
2241.32	99.3713
2242.04	77.3712
2242.76	73.3711
2243.48	97.371
2244.2	81.3709
2244.92	81.3708
2245.64	87.3707
2246.36	73.3706
2247.08	95.3705
2247.8	85.3704
2248.52	91.3703
2249.24	77.3702
2249.95	91.3701
2250.67	83.37
2251.39	71.3699
2252.11	79.3698
2252.83	85.3697
2253.54	93.3696
2254.26	81.3695
2254.98	83.3694
2255.69	75.3693
2256.41	87.3691
2257.12	83.369
2257.84	77.3689
2258.56	103.369
2259.27	77.3687
2259.99	75.3686
2260.7	85.3685
2261.42	87.3684
2262.13	83.3683
2262.85	63.3682
2263.56	83.3681
2264.27	73.368
2264.99	83.3679
2265.7	77.3678
2266.41	77.3677
2267.13	81.3676
2267.84	91.3675
2268.55	89.3674
2269.26	83.3673
2269.98	87.3672
2270.69	77.3671
2271.4	79.367
2272.11	87.3669
2272.82	77.3668
2273.53	81.3667
2274.24	77.3666
2274.95	69.3665
2275.67	83.3664
2276.38	81.3663
2277.09	99.3662
2277.8	85.3661
2278.5	85.366
2279.22	87.3659
2279.92	81.3658
2280.63	83.3657
2281.34	81.3656
2282.05	83.3655
2282.76	73.3654
2283.47	81.3653
2284.17	83.3652
2284.88	85.3651
2285.59	77.365
2286.3	77.3649
2287	81.3648
2287.71	87.3647
2288.42	87.3646
2289.12	81.3645
2289.83	87.3644
2290.54	81.3643
2291.24	75.3642
2291.95	93.3641
2292.65	79.364
2293.36	87.3639
2294.06	79.3638
2294.77	89.3636
2295.47	83.3635
2296.18	87.3634
2296.88	69.3633
2297.58	83.3632
2298.29	83.3631
2298.99	73.363
2299.69	71.3629
2300.4	83.3628
2301.1	83.3627
2301.8	89.3626
2302.5	67.3625
2303.21	75.3624
2303.91	85.3623
2304.61	77.3622
2305.31	83.3621
2306.01	79.362
2306.71	87.3619
2307.41	73.3618
2308.11	85.3617
2308.81	79.3616
2309.51	81.3615
2310.22	93.3614
2310.92	97.3613
2311.61	79.3612
2312.31	85.3611
2313.01	95.361
2313.71	89.3609
2314.41	73.3608
2315.11	81.3607
2315.81	79.3606
2316.5	69.3605
2317.2	79.3604
2317.9	81.3603
2318.6	71.3602
2319.29	85.3601
2319.99	75.36
2320.69	77.3599
2321.38	83.3598
2322.08	81.3597
2322.78	79.3596
2323.47	81.3595
2324.17	69.3594
2324.86	83.3593
2325.56	95.3592
2326.26	93.3591
2326.95	97.359
2327.65	107.359
2328.34	77.3588
2329.03	109.359
2329.73	97.3586
2330.42	99.3585
2331.11	83.3584
2331.81	81.3583
2332.5	67.3581
2333.2	89.358
2333.89	87.3579
2334.58	77.3578
2335.27	87.3577
2335.96	77.3576
2336.66	81.3575
2337.35	89.3574
2338.04	87.3573
2338.73	81.3572
2339.42	85.3571
2340.11	83.357
2340.8	83.3569
2341.49	85.3568
2342.18	81.3567
2342.87	95.3566
2343.56	77.3565
2344.25	73.3564
2344.94	93.3563
2345.63	83.3562
2346.32	79.3561
2347.01	83.356
2347.7	79.3559
2348.38	67.3558
2349.07	87.3557
2349.76	93.3556
2350.45	89.3555
2351.14	85.3554
2351.82	81.3553
2352.51	85.3552
2353.2	73.3551
2353.88	77.355
2354.57	91.3549
2355.25	87.3548
2355.94	79.3547
2356.63	75.3546
2357.31	83.3545
2358	77.3544
2358.68	77.3543
2359.37	97.3542
2360.05	75.3541
2360.74	89.354
2361.42	71.3539
2362.1	81.3538
2362.79	85.3537
2363.47	79.3536
2364.16	77.3535
2364.84	75.3534
2365.52	95.3533
2366.2	87.3532
2366.89	105.353
2367.57	87.353
2368.25	89.3529
2368.93	95.3528
2369.61	95.3526
2370.29	83.3525
2370.98	87.3524
2371.66	87.3523
2372.34	87.3522
2373.02	91.3521
2373.7	95.352
2374.38	93.3519
2375.06	85.3518
2375.74	93.3517
2376.42	93.3516
2377.1	81.3515
2377.78	79.3514
2378.46	91.3513
2379.13	85.3512
2379.81	83.3511
2380.49	87.351
2381.17	85.3509
2381.85	91.3508
2382.52	89.3507
2383.2	93.3506
2383.88	95.3505
2384.55	83.3384
2385.23	79.409
2385.91	93.035
2386.58	85.2258
2387.26	85.5239
2387.94	87.4668
2388.61	75.8121
2389.29	96.6877
2389.96	93.5581
2390.64	85.9256
2391.31	88.7569
2391.99	86.8694
2392.66	94.2843
2393.33	92.7124
2394.01	84.8419
2394.68	90.0279
2395.36	78.9721
2396.03	85.6627
2396.7	80.0495
2397.38	87.9583
2398.05	82.9069
2398.72	85.1997
2399.39	86.4607
2400.06	91.1872
2400.74	91.3368
2401.41	91.3626
2402.08	86.4475
2402.75	95.7534
2403.42	99.1469
2404.09	88.1563
2404.76	81.1068
2405.43	89.0986
2406.1	85.1968
2406.77	103.379
2407.44	88.9502
2408.11	93.731
2408.78	95.3553
2409.45	93.4352
2410.12	82.6898
2410.79	85.6368
2411.46	86.1781
2412.12	93.9408
2412.79	80.1436
2413.46	89.9956
2414.13	90.9418
2414.79	96.7755
2415.46	83.2393
2416.13	86.282
2416.8	93.3221
2417.46	81.3782
2418.13	93.1338
2418.79	100.874
2419.46	88.8172
2420.13	88.1804
2420.79	89.7725
2421.46	84.0034
2422.12	90.0336
2422.79	93.6759
2423.45	95.1021
2424.11	92.6534
2424.78	95.9526
2425.44	100.887
2426.11	91.9447
2426.77	91.2809
2427.43	104.49
2428.09	91.5867
2428.76	96.5836
2429.42	103.092
2430.08	96.1145
2430.75	92.8156
2431.41	94.1566
2432.07	97.9601
2432.73	100.187
2433.39	98.5266
2434.05	99.6944
2434.71	95.6777
2435.37	102.755
2436.04	99.7671
2436.7	99.6738
2437.35	98.1375
2438.01	98.0504
2438.67	95.865
2439.33	99.9795
2439.99	101.371
2440.65	106.678
2441.31	86.8274
2441.97	98.799
2442.63	95.9343
2443.29	96.445
2443.94	90.8001
2444.6	95.3748
2445.26	101.736
2445.92	102.92
2446.57	104.566
2447.23	95.6419
2447.89	99.067
2448.54	104.012
2449.2	103.133
2449.86	99.6156
2450.51	112.187
2451.17	108.503
2451.82	102.224
2452.48	102.935
2453.13	98.0891
2453.79	108.696
2454.44	97.6915
2455.09	104.2
2455.75	106.261
2456.4	105.077
2457.06	105.961
2457.71	99.8044
2458.36	99.6647
2458.74	104.814
2459.46	104.815
2460.19	106.816
2460.91	104.818
2461.64	112.819
2462.36	86.8205
2463.08	104.822
2463.8	106.823
2464.53	104.825
2465.25	90.826
2465.97	104.827
2466.69	94.8287
2467.41	110.83
2468.14	88.8314
2468.86	92.8328
2469.58	96.8342
2470.3	92.8355
2471.02	96.8369
2471.74	84.8383
2472.46	94.8396
2473.18	96.841
2473.9	94.8424
2474.62	94.8437
2475.34	102.845
2476.06	102.846
2476.78	106.848
2477.5	92.8492
2478.22	92.8505
2478.94	100.852
2479.66	98.8533
2480.38	96.8546
2481.09	92.856
2481.81	96.8574
2482.53	92.8587
2483.25	94.8601
2483.97	92.8614
2484.68	96.8628
2485.4	104.864
2486.12	88.8655
2486.83	92.8669
2487.55	104.868
2488.27	86.8696
2488.98	100.871
2489.7	84.8724
2490.41	98.8737
2491.13	100.875
2491.85	88.8764
2492.56	92.8778
2493.28	102.879
2493.99	98.8805
2494.71	92.8819
2495.42	104.883
2496.13	96.8846
2496.85	96.886
2497.56	92.8874
2498.28	90.8887
2498.99	84.8901
2499.7	98.8914
2500.42	94.8928
2501.13	86.8942
2501.84	96.8955
2502.55	84.8969
2503.27	90.8983
2503.98	88.8996
2504.69	86.901
2505.4	88.9024
2506.12	96.9037
2506.83	84.9051
2507.54	92.9064
2508.25	84.9078
2508.96	102.909
2509.67	102.911
2510.38	90.9119
2511.09	100.913
2511.8	98.9146
2512.51	92.916
2513.22	86.9174
2513.93	96.9187
2514.64	102.92
2515.35	90.9214
2516.06	90.9228
2516.77	84.9242
2517.48	110.926
2518.18	84.9269
2518.89	94.9283
2519.6	78.9296
2520.31	96.931
2521.02	92.9323
2521.72	94.9337
2522.43	90.9351
2523.14	96.9364
2523.85	100.938
2524.55	94.9392
2525.26	94.9405
2525.96	96.9419
2526.67	94.9433
2527.38	108.945
2528.08	94.946
2528.79	100.947
2529.49	106.949
2530.2	112.95
2530.9	92.9514
2531.61	88.9528
2532.31	100.954
2533.02	110.956
2533.72	94.9569
2534.43	98.9583
2535.13	98.9596
2535.83	102.961
2536.54	106.962
2537.24	94.9637
2537.95	96.9651
2538.65	96.9664
2539.35	90.9678
2540.05	96.9692
2540.76	94.9705
2541.46	106.972
2542.16	88.9733
2542.86	100.975
2543.56	106.976
2544.26	96.9773
2544.97	104.979
2545.67	92.9801
2546.37	98.9814
2547.07	98.9828
2547.77	98.9842
2548.47	98.9855
2549.17	104.987
2549.87	104.988
2550.57	84.9896
2551.27	102.991
2551.97	96.9923
2552.67	86.9937
2553.37	86.9951
2554.06	102.996
2554.76	90.9978
2555.46	90.9992
2556.16	91.0005
2556.86	99.0019
2557.56	115.003
2558.25	93.0046
2558.95	107.006
2559.65	95.0073
2560.35	89.0087
2561.04	101.01
2561.74	105.011
2562.44	111.013
2563.13	91.0142
2563.83	93.0155
2564.52	111.017
2565.22	99.0182
2565.92	91.0196
2566.61	99.021
2567.31	99.0223
2568	107.024
2568.7	93.0251
2569.39	117.026
2570.09	101.028
2570.78	99.0292
2571.47	113.031
2572.17	101.032
2572.86	99.0332
2573.56	99.0346
2574.25	109.036
2574.94	95.0373
2575.63	107.039
2576.33	107.04
2577.02	107.041
2577.71	111.043
2578.4	99.0442
2579.1	91.0455
2579.79	103.047
2580.48	105.048
2581.17	97.0496
2581.86	97.051
2582.55	99.0523
2583.24	97.0537
2583.94	97.0551
2584.63	87.0564
2585.32	99.0578
2586.01	107.059
2586.7	99.0605
2587.39	95.0619
2588.07	93.0632
2588.76	101.065
2589.45	113.066
2590.14	109.067
2590.83	101.069
2591.52	109.07
2592.21	111.071
2592.9	103.073
2593.58	119.074
2594.27	111.076
2594.96	111.077
2595.65	127.078
2596.33	95.0796
2597.02	121.081
2597.71	109.082
2598.4	119.084
2599.08	123.085
2599.77	105.086
2600.45	119.088
2601.14	101.089
2601.82	121.091
2602.51	111.092
2603.2	113.093
2603.88	101.095
2604.57	105.096
2605.25	109.097
2605.94	121.099
2606.62	115.1
2607.31	109.101
2607.99	105.103
2608.67	107.104
2609.36	121.106
2610.04	109.107
2610.72	113.108
2611.41	117.11
2612.09	107.111
2612.77	127.112
2613.45	115.114
2614.14	113.115
2614.82	129.116
2615.5	109.118
2616.18	131.119
2616.86	115.121
2617.54	119.122
2618.23	125.123
2618.91	143.125
2619.59	133.126
2620.27	141.127
2620.95	131.129
2621.63	117.13
2622.31	121.131
2622.99	127.133
2623.67	133.134
2624.35	147.136
2625.03	139.137
2625.71	129.138
2626.38	151.14
2627.06	139.141
2627.74	133.142
2628.42	135.144
2629.1	147.145
2629.78	149.146
2630.45	137.148
2631.13	141.149
2631.81	143.151
2632.49	123.152
2633.16	159.153
2633.84	143.155
2634.52	151.156
2635.19	143.157
2635.87	155.159
2636.54	145.16
2637.22	145.161
2637.9	149.163
2638.57	161.164
2639.25	155.166
2639.92	145.167
2640.6	165.168
2641.27	155.17
2641.95	163.171
2642.62	167.172
2643.29	167.174
2643.97	175.175
2644.64	181.176
2645.31	173.178
2645.99	175.179
2646.66	193.181
2647.33	185.182
2648.01	185.183
2648.68	163.185
2649.35	199.186
2650.02	171.187
2650.7	191.189
2651.37	181.19
2652.04	193.191
2652.71	181.193
2653.38	195.194
2654.05	181.196
2654.72	209.197
2655.4	189.198
2656.07	201.2
2656.74	201.201
2657.41	207.202
2658.08	205.204
2658.75	207.205
2659.41	221.206
2660.08	209.208
2660.75	203.209
2661.42	213.211
2662.09	233.212
2662.76	211.213
2663.43	211.215
2664.1	249.216
2664.77	255.217
2665.43	249.219
2666.1	237.22
2666.77	267.221
2667.44	241.223
2668.1	227.224
2668.77	251.226
2669.43	243.227
2670.1	263.228
2670.77	239.23
2671.43	273.231
2672.1	257.232
2672.76	273.234
2673.43	267.235
2674.1	269.236
2674.76	299.238
2675.43	271.239
2676.09	269.241
2676.76	291.242
2677.42	263.243
2678.08	283.245
2678.75	297.246
2679.41	301.247
2680.07	269.249
2680.74	287.25
2681.4	309.251
2682.06	313.253
2682.73	289.254
2683.39	307.255
2684.05	321.257
2684.71	309.258
2685.38	311.26
2686.04	319.261
2686.7	307.262
2687.36	305.264
2688.02	325.265
2688.68	297.266
2689.35	341.268
2690.01	301.269
2690.67	331.271
2691.33	311.272
2691.99	335.273
2692.65	339.275
2693.31	331.276
2693.97	329.277
2694.63	347.279
2695.28	345.28
2695.94	333.281
2696.6	343.283
2697.26	325.284
2697.92	351.285
2698.58	309.287
2699.24	329.288
2699.89	317.29
2700.55	315.291
2701.21	345.292
2701.87	313.294
2702.52	321.295
2703.18	311.296
2703.84	323.298
2704.49	331.299
2705.15	317.301
2705.81	321.302
2706.46	321.303
2707.12	295.305
2707.77	327.306
2708.43	337.307
2709.08	317.309
2709.74	305.31
2710.39	297.311
2711.05	301.313
2711.7	279.314
2712.36	299.315
2713.01	273.317
2713.66	285.318
2714.32	297.32
2714.97	279.321
2715.62	259.322
2716.28	281.324
2716.93	279.325
2717.58	267.326
2718.24	259.328
2718.89	273.329
2719.54	287.331
2720.19	269.332
2720.84	251.333
2721.5	269.335
2722.15	259.336
2722.8	235.337
2723.45	227.339
2724.1	237.34
2724.75	253.341
2725.4	217.343
2726.05	241.344
2726.7	239.346
2727.35	205.347
2728	225.348
2728.65	223.35
2729.3	203.351
2729.95	211.352
2730.6	207.354
2731.24	215.355
2731.89	201.356
2732.54	209.358
2733.19	205.359
2733.84	201.361
2734.48	211.362
2735.13	203.363
2735.78	175.365
2736.43	185.366
2737.07	181.367
2737.72	181.369
2738.37	187.37
2739.01	175.371
2739.66	181.373
2740.3	181.374
2740.95	179.376
2741.6	169.377
2742.24	171.378
2742.89	165.38
2743.53	183.381
2744.18	165.382
2744.82	165.384
2745.47	151.385
2746.11	167.386
2746.75	147.388
2747.4	161.389
2748.04	151.391
2748.69	157.392
2749.33	159.393
2749.97	161.395
2750.61	163.396
2751.26	151.397
2751.9	149.399
2752.54	163.4
2753.18	155.401
2753.83	145.403
2754.47	147.404
2755.11	149.406
2755.75	133.407
2756.39	145.408
2757.03	129.41
2757.67	137.411
2758.31	153.412
2758.95	133.414
2759.59	125.415
2760.23	125.416
2760.87	135.418
2761.51	133.419
2762.15	127.42
2762.79	125.422
2763.43	139.423
2764.07	125.425
2764.71	123.426
2765.35	121.427
2765.99	117.429
2766.62	127.43
2767.26	117.431
2767.9	125.435
2768.54	115.439
2769.17	131.442
2769.81	125.446
2770.45	111.449
2771.08	115.453
2771.72	131.456
2772.36	121.46
2772.99	121.464
2773.63	111.467
2774.27	137.471
2774.9	119.474
2775.54	113.478
2776.17	109.481
2776.81	119.485
2777.44	127.489
2778.08	123.492
2778.71	105.496
2779.34	125.499
2779.98	125.503
2780.61	107.507
2781.25	103.51
2781.88	121.514
2782.51	117.517
2783.15	115.521
2783.78	117.524
2784.41	97.528
2785.04	105.532
2785.68	115.535
2786.31	125.539
2786.94	105.542
2787.57	121.546
2788.2	111.549
2788.83	107.553
2789.47	113.557
2790.1	105.56
2790.73	105.564
2791.36	109.567
2791.99	99.5709
2792.62	99.5745
2793.25	105.578
2793.88	109.582
2794.51	99.5852
2795.14	111.589
2795.77	103.592
2796.4	109.596
2797.02	105.6
2797.65	103.603
2798.28	99.6067
2798.91	103.61
2799.54	99.6138
2800.16	95.6174
2800.79	97.621
2801.42	103.625
2802.05	109.628
2802.67	97.6317
2803.3	91.6353
2803.93	87.6389
2804.55	111.642
2805.18	99.646
2805.81	107.65
2806.43	117.653
2807.06	97.6568
2807.68	109.66
2808.31	107.664
2808.93	95.6675
2809.56	101.671
2810.18	99.6747
2810.81	103.678
2811.43	85.6818
2812.06	105.685
2812.68	97.689
2813.3	91.6925
2813.93	95.6961
2814.55	95.6997
2815.18	103.703
2815.8	81.7068
2816.42	87.7104
2817.04	95.714
2817.67	101.718
2818.29	95.7212
2818.91	97.7247
2819.53	101.728
2820.15	101.732
2820.78	93.7355
2821.4	99.739
2822.02	111.743
2822.64	103.746
2823.26	89.7498
2823.88	91.7533
2824.5	91.7569
2825.12	107.76
2825.74	95.7641
2826.36	93.7677
2826.98	91.7712
2827.6	93.7748
2828.22	91.7784
2828.84	97.782
2829.46	99.7855
2830.08	83.7891
2830.69	89.7927
2831.31	93.7963
2831.93	97.7999
2832.55	95.8034
2833.17	101.807
2833.78	105.811
2834.4	87.8142
2835.02	87.8177
2835.63	85.8213
2836.25	95.8249
2836.87	93.8285
2837.48	91.832
2838.1	103.836
2838.72	101.839
2839.33	93.8428
2839.95	91.8464
2840.56	101.85
2841.18	97.8535
2841.79	89.8571
2842.41	93.8607
2843.02	89.8642
2843.64	99.8678
2844.25	105.871
2844.86	89.875
2845.48	91.8785
2846.09	93.8821
2846.7	93.8857
2847.32	83.8893
2847.93	99.8929
2848.54	97.8964
2849.16	97.9
2849.77	89.9036
2850.38	87.9072
2850.99	109.911
2851.6	87.9143
2852.22	99.9179
2852.83	95.9215
2853.44	95.925
2854.05	99.9286
2854.66	97.9322
2855.27	89.9358
2855.88	91.9394
2856.49	109.943
2857.1	95.9465
2857.71	101.95
2858.32	85.9537
2858.93	97.9573
2859.54	89.9608
2860.15	101.964
2860.76	91.968
2861.37	97.9716
2861.98	91.9751
2862.58	99.9787
2863.19	101.982
2863.8	93.9859
2864.41	85.9894
2865.01	99.993
2865.62	89.9966
2866.23	94.0002
2866.84	94.0037
2867.44	104.007
2868.05	88.0109
2868.66	96.0145
2869.26	104.018
2869.87	96.0216
2870.47	80.0252
2871.08	92.0288
2871.69	106.032
2872.29	100.036
2872.9	96.0395
2873.5	88.0431
2874.11	104.047
2874.71	110.05
2875.31	88.0538
2875.92	88.0574
2876.52	84.061
2877.13	100.065
2877.73	94.0681
2878.33	92.0717
2878.94	88.0753
2879.54	86.0789
2880.14	104.082
2880.74	110.086
2881.35	104.09
2881.95	100.093
2882.55	96.0968
2883.15	104.1
2883.75	92.1039
2884.36	86.1075
2884.96	88.1111
2885.56	100.115
2886.16	96.1182
2886.76	102.122
2887.36	104.125
2887.96	106.129
2888.56	94.1325
2889.16	98.1361
2889.76	104.14
2890.36	106.143
2890.96	98.1468
2891.56	110.15
2892.16	110.154
2892.76	106.158
2893.35	96.1611
2893.95	98.1647
2894.55	98.1683
2895.15	94.1719
2895.75	100.175
2896.34	90.179
2896.94	98.1826
2897.54	112.186
2898.13	100.19
2898.73	110.193
2899.33	108.197
2899.92	112.201
2900.52	112.204
2901.12	104.208
2901.71	106.211
2902.31	104.215
2902.9	104.218
2903.5	94.222
2904.09	100.226
2904.69	96.2291
2905.28	104.233
2905.88	104.236
2906.47	100.24
2907.07	84.2434
2907.66	86.247
2908.25	106.251
2908.85	96.2542
2909.44	100.258
2910.03	110.261
2910.63	106.265
2911.22	106.268
2911.81	98.272
2912.4	118.276
2913	102.279
2913.59	98.2828
2914.18	108.286
2914.77	114.29
2915.36	98.2935
2915.95	100.297
2916.54	114.301
2917.13	100.304
2917.73	104.308
2918.32	112.311
2918.91	108.315
2919.5	110.319
2920.09	104.322
2920.68	104.326
2921.26	110.329
2921.85	108.333
2922.44	118.336
2923.03	98.34
2923.62	92.3436
2924.21	116.347
2924.8	102.351
2925.39	108.354
2925.97	86.3579
2926.56	118.361
2927.15	102.365
2927.73	106.369
2928.32	110.372
2928.91	98.3758
2929.5	96.3794
2930.08	108.383
2930.67	112.387
2931.26	100.39
2931.84	128.394
2932.43	118.397
2933.01	116.401
2933.6	92.4044
2934.18	98.408
2934.77	106.412
2935.35	98.4151
2935.94	100.419
2936.52	102.422
2937.11	104.426
2937.69	118.429
2938.27	102.433
2938.86	100.437
2939.44	104.44
2940.02	102.444
2940.61	96.4473
2941.19	106.451
2941.77	102.454
2942.35	112.458
2942.94	104.462
2943.52	108.465
2944.1	108.469
2944.68	110.472
2945.26	110.476
2945.84	126.48
2946.42	92.4831
2947.01	94.4867
2947.59	100.49
2948.17	104.494
2948.75	106.497
2949.33	110.501
2949.91	104.505
2950.49	94.5081
2951.07	96.5117
2951.65	106.515
2952.23	106.519
2952.8	102.522
2953.38	98.5518
2953.96	114.323
2954.54	106.449
2955.12	106.584
2955.7	94.8959
2956.27	104.127
2956.85	116.997
2957.43	98.9379
2958.01	101.24
2958.58	101.075
2959.16	106.783
2959.74	94.0721
2960.31	101.909
2960.89	87.0846
2961.46	104.563
2962.04	96.9633
2962.62	94.5207
2963.19	97.3281
2963.77	123.523
2964.34	105.571
2964.92	105.977
2965.49	95.0086
2966.07	97.7687
2966.64	109.776
2967.21	100.765
2967.79	100.198
2968.36	102.013
2968.94	104.059
2969.51	106.701
2970.08	108.948
2970.66	103.118
2971.23	97.2499
2971.8	96.5241
2972.37	108.95
2972.95	102.216
2973.52	99.9505
2974.09	105.869
2974.66	95.1762
2975.23	96.9437
2975.8	94.8359
2976.37	102.451
2976.94	99.6244
2977.51	99.5058
2978.09	107.665
2978.65	99.6369
2979.23	96.8886
2979.79	100.131
2980.36	90.4907
2980.93	99.1631
2981.5	95.8101
2982.07	98.0156
2982.64	100.857
2983.21	93.2977
2983.78	97.2317
2984.35	106.594
2984.92	96.9642
2985.48	96.8591
2986.05	97.8085
2986.62	85.7889
2987.18	99.9106
2987.75	97.4072
2988.32	87.2041
2988.89	91.6332
2989.45	90.8534
2990.02	85.5282
2990.58	93.5911
2991.15	87.571
2991.72	102.123
2992.28	93.9243
2992.85	97.3558
2993.41	93.2214
2993.98	91.1183
2994.54	85.7069
2995.11	87.5816
2995.67	95.1177
2996.24	98.6294
2996.8	87.4455
2997.36	96.7395
2997.93	102.038
2998.49	91.8833
2999.05	93.5356
2999.62	89.2914
3000.18	87.8196
3000.74	90.3798
3001.3	94.1985
3001.87	92.0856
3002.43	92.9389
3002.99	91.603
3003.55	92.4022
3004.11	90.4176
3004.67	92.3068
3005.24	93.5224
3005.8	97.2394
3006.36	96.6464
3006.92	80.9265
3007.48	82.9057
3008.04	86.9817
3008.6	90.4955
3009.16	84.0018
3009.72	83.5044
3010.28	89.497
3010.84	93.6092
3011.4	92.9666
3011.95	92.8912
3012.51	97.0037
3013.07	83.1666
3013.63	80.8843
3014.19	86.1137
3014.74	94.0952
3015.3	97.5606
3015.86	92.8017
3016.33	85.3245
3016.96	85.3267
3017.59	89.3289
3018.22	87.3311
3018.84	85.3333
3019.47	97.3355
3020.1	81.3377
3020.73	73.34
3021.35	89.3422
3021.98	83.3444
3022.61	83.3466
3023.23	77.3488
3023.86	91.351
3024.49	85.3532
3025.11	89.3554
3025.74	89.3576
3026.36	95.3598
3026.99	79.362
3027.61	89.3642
3028.24	89.3664
3028.86	83.3686
3029.49	93.3709
3030.11	77.3731
3030.74	89.3753
3031.36	77.3775
3031.99	73.3797
3032.61	85.3819
3033.23	87.3841
3033.86	91.3863
3034.48	95.3885
3035.1	83.3907
3035.73	93.3929
3036.35	79.3951
3036.97	75.3973
3037.6	67.3996
3038.22	79.4018
3038.84	83.404
3039.46	87.4062
3040.08	83.4084
3040.71	65.4106
3041.33	79.4128
3041.95	87.415
3042.57	73.4172
3043.19	85.4194
3043.81	87.4216
3044.43	87.4238
3045.05	79.426
3045.67	91.4283
3046.29	83.4305
3046.91	81.4327
3047.53	79.4349
3048.15	91.4371
3048.77	73.4393
3049.39	87.4415
3050.01	81.4437
3050.63	79.4459
3051.25	85.4481
3051.87	83.4503
3052.49	75.4525
3053.1	79.4547
3053.72	81.4569
3054.34	83.4592
3054.96	89.4614
3055.57	83.4636
3056.19	83.4658
3056.81	87.468
3057.43	79.4702
3058.04	77.4724
3058.66	81.4746
3059.28	85.4768
3059.89	87.479
3060.51	83.4812
3061.13	81.4834
3061.74	87.4856
3062.36	85.4879
3062.97	79.4901
3063.59	79.4923
3064.2	85.4945
3064.82	83.4967
3065.43	67.4989
3066.05	83.5011
3066.66	77.5033
3067.28	77.5055
3067.89	75.5077
3068.51	85.5099
3069.12	77.5121
3069.73	71.5143
3070.35	85.5165
3070.96	79.5188
3071.57	77.521
3072.19	81.5232
3072.8	75.5254
3073.41	81.5276
3074.02	85.5298
3074.64	83.532
3075.25	73.5342
3075.86	81.5364
3076.47	87.5386
3077.08	81.5408
3077.69	79.543
3078.31	91.5452
3078.92	79.5475
3079.53	81.5497
3080.14	85.5519
3080.75	91.5541
3081.36	75.5563
3081.97	81.5585
3082.58	71.5607
3083.19	71.5629
3083.8	71.5651
3084.41	73.5673
3085.02	83.5695
3085.63	77.5717
3086.24	95.5739
3086.84	77.5762
3087.45	87.5784
3088.06	85.5806
3088.67	85.5828
3089.28	75.585
3089.89	79.5872
3090.49	85.5894
3091.1	81.5916
3091.71	79.5938
3092.32	81.596
3092.92	75.5982
3093.53	63.6004
3094.14	87.6026
3094.74	81.6049
3095.35	77.6071
3095.96	83.6093
3096.56	93.6115
3097.17	79.6137
3097.77	85.6159
3098.38	73.6181
3098.99	79.6203
3099.59	77.6225
3100.2	89.6247
3100.8	83.6269
3101.4	73.6291
3102.01	71.6313
3102.61	73.6336
3103.22	81.6358
3103.82	79.638
3104.43	83.6402
3105.03	85.6424
3105.63	77.6446
3106.24	81.6468
3106.84	73.649
3107.44	77.6512
3108.05	83.6534
3108.65	95.6556
3109.25	77.6578
3109.85	83.66
3110.45	79.6622
3111.06	83.6645
3111.66	77.6667
3112.26	81.6689
3112.86	83.6711
3113.46	81.6733
3114.06	83.6755
3114.66	75.6777
3115.26	79.6799
3115.86	89.6821
3116.47	81.6843
3117.07	73.6865
3117.67	91.6887
3118.27	91.6909
3118.87	83.6932
3119.46	79.6954
3120.06	63.6976
3120.66	83.6998
3121.26	83.702
3121.86	83.7042
3122.46	89.7064
3123.06	87.7086
3123.66	75.7108
3124.26	75.713
3124.85	83.7152
3125.45	75.7174
3126.05	87.7196
3126.64	77.7219
3127.24	87.7241
3127.84	83.7263
3128.44	77.7285
3129.03	75.7307
3129.63	77.7329
3130.23	79.7351
3130.82	79.7373
3131.42	85.7395
3132.01	71.7417
3132.61	89.7439
3133.2	87.7461
3133.8	87.7483
3134.4	83.7505
3134.99	71.7528
3135.59	81.755
3136.18	87.7572
3136.78	65.7594
3137.37	71.7616
3137.96	75.7638
3138.56	77.766
3139.15	87.7682
3139.74	85.7704
3140.34	85.7726
3140.93	71.7748
3141.52	75.777
3142.12	73.7792
3142.71	81.7815
3143.3	75.7837
3143.9	79.7859
3144.49	93.7881
3145.08	89.7903
3145.67	87.7925
3146.26	91.7947
3146.85	73.7969
3147.45	71.7991
3148.04	91.8013
3148.63	85.8035
3149.22	83.8057
3149.81	79.8079
3150.4	85.8102
3150.99	77.8124
3151.58	73.8146
3152.17	79.8168
3152.76	85.819
3153.35	81.8212
3153.94	95.8234
3154.53	83.8256
3155.12	79.8278
3155.71	71.83
3156.29	83.8322
3156.88	69.8344
3157.47	81.8366
3158.06	79.8389
3158.65	67.8411
3159.24	87.8433
3159.82	91.8455
3160.41	75.8477
3161	73.8499
3161.59	79.8521
3162.17	83.8543
3162.76	81.8565
3163.35	81.8587
3163.93	93.8609
3164.52	83.8631
3165.1	85.8653
3165.69	77.8675
3166.28	77.8698
3166.86	93.872
3167.45	93.8742
3168.03	81.8764
3168.62	93.8786
3169.2	95.8808
3169.79	85.883
3170.37	87.8852
3170.96	73.8874
3171.54	77.8896
3172.12	79.8918
3172.71	87.894
3173.29	89.8962
3173.88	83.8985
3174.46	87.9007
3175.04	81.9029
3175.63	67.9051
3176.21	79.9073
3176.79	75.9095
3177.37	73.9117
3177.96	87.9139
3178.54	81.9161
3179.12	79.9183
3179.7	77.9205
3180.28	85.9227
3180.86	81.9249
3181.45	69.9272
3182.03	83.9294
3182.61	77.9316
3183.19	85.9338
3183.77	79.936
3184.35	87.9382
3184.93	79.9404
3185.51	85.9426
3186.09	75.9448
3186.67	87.947
3187.25	75.9492
3187.83	79.9514
3188.41	81.9536
3188.99	77.9558
3189.56	87.9581
3190.14	93.9603
3190.72	77.9625
3191.3	83.9647
3191.88	77.9669
3192.46	77.9691
3193.03	79.9713
3193.61	83.9735
3194.19	89.9757
3194.77	85.9779
3195.34	83.9801
3195.92	79.9823
3196.5	77.9846
3197.07	83.9868
3197.65	87.989
3198.23	87.9912
3198.8	81.9934
3199.38	71.9956
3199.95	95.9978
