52.0496	1860
53.2157	2184.26
54.3838	2438.52
55.5496	2702.78
56.7153	2847.04
57.8808	2893.3
59.0462	2963.56
60.2114	2907.82
61.3765	2998.09
62.5415	2988.35
63.7063	2990.61
64.8709	3004.87
66.0333	3027.13
67.1977	3029.39
68.3619	3111.65
69.5239	3091.91
70.6857	3136.17
71.8495	3150.43
73.011	3204.69
74.1723	3284.95
75.3357	3283.21
76.4968	3255.47
77.6577	3321.74
78.8185	3224
79.9791	3196.26
81.1396	3238.52
82.3	3194.78
83.4581	3191.04
84.6181	3275.3
85.7781	3211.56
86.9357	3221.82
88.0954	3162.08
89.2527	3244.34
90.4121	3226.6
91.5691	3160.86
92.7282	3283.12
93.885	3275.39
95.0416	3227.65
96.1981	3185.91
97.3545	3256.17
98.5107	3346.43
99.6668	3376.69
100.823	3350.95
101.978	3489.21
103.132	3507.47
104.288	3709.73
105.443	3887.99
106.596	4206.25
107.751	4620.51
108.904	5316.77
110.059	5895.03
111.211	6273.3
112.363	6149.56
113.516	5557.82
114.668	4720.08
115.822	4174.34
116.974	3798.6
118.125	3598.86
119.275	3485.12
120.426	3383.38
121.577	3363.64
122.728	3307.9
123.877	3258.16
125.028	3276.42
126.177	3234.68
127.327	3278.95
128.475	3185.21
129.626	3155.47
130.774	3189.73
131.921	3203.99
133.069	3198.25
134.217	3194.51
135.364	3050.77
136.511	3177.03
137.658	3169.29
138.805	3103.55
139.952	3225.81
141.097	3142.07
142.243	3112.33
143.39	3108.6
144.534	3062.86
145.68	3133.12
146.824	3179.38
147.968	3095.64
149.114	3185.9
150.257	3128.16
151.4	3098.42
152.543	3098.68
153.687	3108.94
154.829	3103.2
155.972	3079.46
157.115	3051.72
158.255	3139.98
159.397	3106.24
160.54	3102.51
161.68	3062.77
162.822	3107.03
163.961	3055.29
165.103	3093.55
166.242	3099.81
167.381	3072.07
168.521	3072.33
169.662	3170.59
170.8	3072.85
171.939	3129.11
173.078	3191.37
174.214	3157.63
175.352	3169.89
176.49	3100.16
177.628	3150.42
178.764	3136.68
179.902	3252.94
181.037	3203.2
182.175	3311.46
183.31	3263.72
184.447	3371.98
185.582	3346.24
186.717	3524.5
187.851	3392.76
188.986	3447.02
190.12	3595.28
191.254	3557.54
192.388	3703.81
193.522	3748.07
194.654	3770.33
195.788	3880.59
196.921	4046.85
198.052	4177.11
199.186	4423.37
200.317	4715.63
201.448	5129.89
202.58	5550.15
203.711	6272.41
204.841	6998.67
205.972	8012.93
207.102	8741.19
208.232	9341.46
209.362	9535.72
210.492	9279.98
211.621	8372.24
212.749	7670.5
213.878	6904.76
215.005	6189.02
216.134	5747.28
217.261	5201.54
218.39	4945.8
219.516	4692.06
220.643	4484.32
221.769	4404.58
222.897	4136.84
224.023	4043.1
225.149	3969.37
226.273	3879.63
227.398	3809.89
228.524	3748.15
229.649	3828.41
230.772	3724.67
231.897	3668.93
233.022	3657.19
234.145	3659.45
235.267	3591.71
236.392	3631.97
237.514	3694.23
238.636	3582.49
239.758	3516.75
240.88	3617.02
242.002	3601.28
243.123	3649.54
244.245	3629.8
245.366	3580.06
246.487	3586.32
247.606	3606.58
248.727	3568.84
249.846	3587.1
250.967	3629.36
252.085	3569.62
253.205	3597.88
254.324	3628.14
255.442	3644.4
256.559	3618.66
257.677	3592.93
258.795	3623.19
259.912	3707.45
261.03	3625.71
262.147	3641.97
263.264	3636.23
264.379	3578.49
265.495	3576.75
266.612	3593.01
267.727	3585.27
268.841	3601.53
269.957	3671.79
271.071	3638.05
272.185	3630.31
273.299	3644.58
274.412	3690.84
275.526	3655.1
276.639	3681.36
277.752	3723.62
278.866	3687.88
279.978	3658.14
281.089	3670.4
282.202	3698.66
283.314	3684.92
284.425	3681.18
285.535	3729.44
286.647	3667.7
287.757	3773.96
288.867	3728.23
289.977	3622.49
291.088	3766.75
292.195	3763.01
293.305	3741.27
294.414	3763.53
295.523	3737.79
296.632	3762.05
297.738	3762.31
298.847	3804.57
299.955	3730.83
301.062	3845.09
302.168	3751.35
303.276	3803.61
304.382	3787.87
305.487	3878.14
306.593	3738.4
307.698	3832.66
308.804	3762.92
309.909	3759.18
311.014	3869.44
312.119	3877.7
313.224	3833.96
314.326	3862.22
315.431	3886.48
316.533	3938.74
317.637	3803
318.739	3825.26
319.841	3835.52
320.945	3843.79
322.047	3838.05
323.148	3870.31
324.25	3876.57
325.351	3882.83
326.452	3791.09
327.553	3849.35
328.652	3923.61
329.753	3965.87
330.853	3904.13
331.952	3888.39
333.052	3964.65
334.15	3952.91
335.248	3949.17
336.348	3917.44
337.446	3961.7
338.543	3901.96
339.641	3916.22
340.738	3992.48
341.835	3910.74
342.933	3977
344.03	3939.26
345.124	3997.52
346.221	4061.78
347.318	3982.04
348.412	4102.3
349.508	4152.56
350.602	4060.82
351.696	4049.08
352.792	4131.35
353.886	4075.61
354.979	4205.87
356.073	4138.13
357.166	4154.39
358.259	4146.65
359.35	4072.91
360.443	4153.17
361.536	4183.43
362.629	4199.69
363.719	4165.95
364.812	4228.21
365.902	4242.47
366.992	4242.73
368.084	4179
369.174	4207.26
370.264	4223.52
371.353	4223.78
372.443	4146.04
373.532	4276.3
374.621	4226.56
375.708	4250.82
376.797	4249.08
377.886	4293.34
378.972	4273.6
380.061	4307.86
381.147	4290.12
382.235	4380.38
383.322	4354.65
384.408	4358.91
385.493	4329.17
386.579	4285.43
387.665	4273.69
388.75	4313.95
389.835	4320.21
390.921	4420.47
392.004	4374.73
393.088	4414.99
394.173	4343.25
395.256	4433.51
396.34	4413.77
397.423	4372.03
398.505	4422.29
399.587	4356.56
400.671	4422.82
401.753	4471.08
402.835	4527.34
403.916	4489.6
404.998	4525.86
406.077	4512.12
407.158	4524.38
408.239	4558.64
409.318	4506.9
410.399	4591.16
411.478	4563.42
412.558	4519.68
413.637	4667.94
414.715	4524.21
415.793	4514.47
416.871	4576.73
417.949	4582.99
419.027	4603.25
420.104	4573.51
421.182	4619.77
422.259	4596.03
423.334	4574.29
424.411	4578.55
425.486	4630.81
426.563	4577.07
427.638	4585.33
428.712	4587.59
429.789	4629.85
430.863	4554.12
431.937	4604.38
433.011	4590.64
434.085	4638.9
435.159	4623.16
436.231	4685.42
437.304	4727.68
438.378	4633.94
439.449	4688.2
440.522	4650.46
441.593	4716.72
442.666	4698.98
443.737	4743.24
444.807	4677.5
445.878	4803.77
446.948	4766.03
448.019	4772.29
449.089	4798.55
450.159	4760.81
451.229	4767.07
452.296	4883.33
453.366	4827.59
454.435	4909.85
455.503	4854.11
456.572	4812.37
457.639	4830.63
458.706	4876.89
459.773	4867.15
460.839	4841.42
461.906	4875.68
462.973	4945.94
464.039	4956.2
465.105	4982.46
466.171	4972.72
467.237	4966.98
468.301	4851.24
469.367	4981.5
470.43	4905.76
471.496	4898.02
472.559	5034.28
473.622	4924.54
474.685	4998.8
475.748	4937.06
476.811	5025.33
477.873	4947.59
478.936	4979.85
479.998	5064.11
481.061	5072.37
482.121	5044.63
483.183	5008.89
484.243	5141.15
485.305	5065.41
486.364	5075.67
487.424	5089.93
488.485	5086.19
489.544	5090.45
490.604	5050.71
491.663	5096.98
492.721	5207.24
493.78	5189.5
494.837	5227.76
495.895	5012.02
496.954	5218.28
498.01	5266.54
499.068	5236.8
500.124	5111.06
501.18	5275.32
502.238	5145.58
503.294	5175.84
504.349	5256.1
505.404	5194.36
506.46	5204.63
507.515	5238.89
508.568	5351.15
509.623	5313.41
510.678	5285.67
511.73	5189.93
512.785	5268.19
513.837	5394.45
514.891	5254.71
515.943	5204.97
516.996	5271.23
518.047	5277.49
519.099	5379.75
520.151	5336.01
521.202	5272.27
522.254	5332.54
523.305	5286.8
524.354	5385.06
525.405	5295.32
526.454	5289.58
527.505	5283.84
528.554	5516.1
529.604	5448.36
530.653	5270.62
531.701	5434.88
532.749	5497.14
533.797	5381.4
534.845	5517.66
535.893	5387.92
536.94	5508.19
537.986	5486.45
539.033	5446.71
540.079	5454.97
541.126	5455.23
542.171	5497.49
543.218	5525.75
544.263	5504.01
545.307	5484.27
546.352	5554.53
547.397	5560.79
548.441	5581.05
549.485	5539.31
550.529	5539.57
551.571	5589.84
552.615	5574.1
553.657	5540.36
554.7	5644.62
555.742	5584.88
556.785	5623.14
557.826	5617.4
558.867	5623.66
559.909	5587.92
560.949	5684.18
561.99	5632.44
563.031	5626.7
564.071	5650.96
565.112	5775.22
566.15	5721.48
567.19	5773.75
568.228	5702.01
569.268	5794.27
570.306	5836.53
571.343	5806.79
572.381	5733.05
573.418	5843.31
574.456	5717.57
575.493	5783.83
576.53	5740.09
577.567	5792.35
578.604	5780.61
579.638	5724.87
580.675	5759.13
581.712	5689.4
582.746	5831.66
583.78	5797.92
584.814	5858.18
585.85	5892.44
586.884	5930.7
587.918	5872.96
588.951	5837.22
589.985	5851.48
591.016	5855.74
592.05	5940
593.083	5858.26
594.114	5946.52
595.147	5902.78
596.178	5835.05
597.21	6009.31
598.241	5949.57
599.271	5911.83
600.302	5838.09
601.332	5954.35
602.362	6014.61
603.392	5932.87
604.422	6079.13
605.449	6079.39
606.479	6069.65
607.509	6031.91
608.536	5956.17
609.563	5980.43
610.592	6006.7
611.619	6126.96
612.646	5967.22
613.673	6039.48
614.7	6099.74
615.726	5992
616.753	5886.26
617.779	6028.52
618.803	5926.78
619.829	5897.04
620.855	5971.3
621.879	5969.56
622.903	5887.82
623.929	6062.08
624.952	5952.34
625.976	5918.61
626.999	5950.87
628.022	5979.13
629.045	5933.39
630.068	6169.65
631.091	6077.91
632.111	5980.17
633.134	6058.43
634.154	6154.69
635.177	6172.95
636.197	6179.21
637.217	6101.47
638.239	6049.73
639.259	6201.99
640.279	6210.26
641.298	6118.52
642.318	6226.78
643.335	6235.04
644.355	6209.3
645.374	6203.56
646.391	6291.82
647.41	6164.08
648.427	6270.34
649.445	6302.6
650.462	6376.86
651.479	6327.12
652.495	6401.38
653.511	6405.64
654.527	6311.91
655.544	6334.17
656.559	6390.43
657.573	6374.69
658.589	6338.95
659.603	6401.21
660.618	6423.47
661.631	6347.73
662.647	6447.99
663.66	6428.25
664.673	6412.51
665.686	6474.77
666.698	6543.03
667.711	6573.29
668.724	6437.55
669.734	6583.82
670.746	6528.08
671.759	6538.34
672.769	6546.6
673.779	6588.86
674.791	6577.12
675.8	6665.38
676.81	6483.64
677.82	6587.9
678.829	6508.16
679.838	6640.42
680.848	6588.68
681.857	6616.94
682.866	6495.2
683.873	6589.47
684.881	6573.73
685.888	6675.99
686.896	6506.25
687.903	6654.51
688.909	6578.77
689.915	6629.03
690.922	6591.29
691.927	6765.55
692.933	6667.81
693.939	6728.07
694.945	6782.33
695.948	6688.59
696.954	6768.85
697.957	6713.12
698.962	6769.38
699.965	6833.64
700.968	6817.9
701.971	6786.16
702.974	6868.42
703.976	6818.68
704.979	6832.94
705.981	6823.2
706.984	6759.46
707.986	6897.72
708.986	6745.98
709.988	6848.24
710.988	6762.5
711.99	6868.76
712.989	6845.03
713.989	6863.29
714.988	6987.55
715.987	6877.81
716.987	6984.07
717.986	6892.33
718.985	6912.59
719.982	6898.85
720.98	6983.11
721.977	6931.37
722.976	7031.63
723.972	7041.89
724.97	7052.15
725.966	6980.41
726.963	6964.68
727.959	6930.94
728.954	6903.2
729.95	7115.46
730.946	6935.72
731.939	6961.98
732.935	6990.24
733.928	6984.5
734.924	6876.76
735.917	6929.02
736.912	7045.28
737.905	6959.54
738.897	6943.8
739.89	7006.06
740.883	6996.33
741.875	6908.59
742.867	7096.85
743.858	7069.11
744.85	6979.37
745.842	7025.63
746.832	7085.89
747.822	7088.15
748.813	7096.41
749.803	7086.67
750.792	7138.93
751.782	7089.19
752.771	7165.45
753.76	7257.71
754.749	7137.97
755.738	7130.24
756.725	7176.5
757.714	7142.76
758.701	7299.02
759.689	7163.28
760.676	7237.54
761.662	7255.8
762.648	7260.06
763.634	7246.32
764.62	7312.58
765.606	7342.84
766.592	7383.1
767.578	7367.36
768.563	7247.62
769.547	7301.89
770.532	7356.15
771.515	7398.41
772.498	7268.67
773.484	7380.93
774.466	7471.19
775.449	7397.45
776.432	7387.71
777.415	7419.97
778.395	7400.23
779.378	7358.49
780.36	7398.75
781.34	7351.01
782.322	7411.27
783.302	7383.54
784.284	7247.8
785.264	7378.06
786.244	7276.32
787.223	7328.58
788.203	7506.84
789.182	7307.1
790.161	7407.36
791.138	7423.62
792.117	7363.88
793.096	7270.14
794.073	7332.4
795.052	7430.66
796.029	7376.92
797.005	7435.19
797.982	7351.45
798.958	7369.71
799.934	7327.97
800.91	7376.23
801.886	7430.49
802.862	7436.75
803.836	7363.01
804.812	7493.27
805.785	7389.53
806.761	7489.79
807.734	7516.05
808.707	7540.31
809.681	7448.57
810.654	7540.83
811.627	7473.1
812.599	7547.36
813.572	7543.62
814.545	7489.88
815.516	7466.14
816.488	7600.4
817.458	7458.66
818.431	7614.92
819.401	7581.18
820.371	7639.44
821.341	7661.7
822.311	7717.96
823.28	7616.22
824.25	7656.48
825.219	7632.75
826.187	7765.01
827.156	7701.27
828.123	7799.53
829.093	7669.79
830.06	7810.05
831.027	7802.31
831.995	7716.57
832.962	7802.83
833.929	7819.09
834.895	7817.35
835.86	7979.61
836.826	7777.87
837.792	7958.13
838.756	7972.4
839.722	7974.66
840.686	7944.92
841.652	8017.18
842.616	7987.44
843.579	8045.7
844.543	8085.96
845.506	8116.22
846.47	7998.48
847.433	8040.74
848.394	8113
849.357	7965.26
850.32	7975.52
851.281	8091.78
852.241	8000.04
853.204	8152.31
854.165	8072.57
855.125	8016.83
856.085	8065.09
857.046	8119.35
858.006	8095.61
858.966	8169.87
859.924	8078.13
860.883	8144.39
861.841	8136.65
862.801	8156.91
863.758	8087.17
864.716	8065.43
865.673	8065.69
866.632	8121.96
867.589	8038.22
868.544	7998.48
869.501	8126.74
870.458	8055
871.415	8037.26
872.369	8177.52
873.326	8047.78
874.28	8002.04
875.235	8064.3
876.189	8132.56
877.145	8174.82
878.099	8057.08
879.053	8077.34
880.005	8175.6
880.959	8023.87
881.912	8058.13
882.864	8132.39
883.817	8198.65
884.769	8136.91
885.722	8087.17
886.673	8243.43
887.624	8209.69
888.575	8229.95
889.526	8222.21
890.477	8240.47
891.427	8334.73
892.378	8400.99
893.326	8325.25
894.277	8311.52
895.225	8361.78
896.175	8420.04
897.123	8432.3
898.071	8494.56
899.019	8392.82
899.967	8415.08
900.915	8401.34
901.862	8407.6
902.81	8345.86
903.757	8478.12
904.703	8434.38
905.65	8494.64
906.595	8432.9
907.54	8489.17
908.487	8609.43
909.432	8523.69
910.377	8613.95
911.321	8560.21
912.266	8372.47
913.208	8502.73
914.153	8542.99
915.097	8559.25
916.039	8553.51
916.983	8553.77
917.925	8620.03
918.867	8644.29
919.809	8622.55
920.752	8584.81
921.694	8599.08
922.634	8825.34
923.575	8577.6
924.516	8635.86
925.458	8680.12
926.397	8756.38
927.338	8616.64
928.277	8658.9
929.216	8563.16
930.156	8697.42
931.095	8737.68
932.033	8627.94
932.972	8578.2
933.908	8754.46
934.847	8776.73
935.785	8736.99
936.721	8739.25
937.659	8675.51
938.595	8829.77
939.533	8642.03
940.468	8748.29
941.404	8712.55
942.339	8592.81
943.275	8759.07
944.21	8721.33
945.146	8781.59
946.079	8633.85
947.014	8812.11
947.949	8842.38
948.882	8796.64
949.814	8670.9
950.747	8817.16
951.682	8837.42
952.614	8855.68
953.547	8871.6
954.479	8906.19
955.409	8879.54
956.341	8689.28
957.273	8885.95
958.203	8922.58
959.135	8860.29
960.065	8969.75
960.995	9041.67
961.924	8860.03
962.856	9027.5
963.785	8999.22
964.713	8976.31
965.642	9022.27
966.571	9101.65
967.5	9018.06
968.427	9055.53
969.356	8947.42
970.283	9036.18
971.209	8981.5
972.136	8957.57
973.062	9082.97
973.989	9100.94
974.915	9151.92
975.841	9032.04
976.767	9073.78
977.693	9129.21
978.617	9101.44
979.543	9182.24
980.467	9173.01
981.391	9049.44
982.314	9148.08
983.238	9041.97
984.161	9144.93
985.085	9118.55
986.008	9142.15
986.931	9091.36
987.854	9070.67
988.775	9130.63
989.698	9095.83
990.619	9144.65
991.539	9175.8
992.46	9221.27
993.383	9166.1
994.303	9149.06
995.223	9095.95
996.142	9154.6
997.062	9222.29
997.982	9155.21
998.9	9231.45
999.82	9193.12
1000.74	9142.54
1001.66	9159.9
1002.57	9254.37
1003.49	9253.47
1004.41	9163.81
1005.33	9191.84
1006.24	9291.75
1007.16	9287.03
1008.08	9242.12
1008.99	9323.33
1009.91	9324.04
1010.82	9301.09
1011.74	9329.67
1012.65	9311.81
1013.57	9384.97
1014.48	9314.45
1015.4	9397.85
1016.31	9490.83
1017.22	9340.03
1018.14	9504.3
1019.05	9414.31
1019.97	9537.8
1020.88	9562.73
1021.79	9497.78
1022.7	9508.04
1023.61	9548.33
1024.53	9518.62
1025.44	9501.81
1026.35	9559.97
1027.26	9614.48
1028.17	9634.56
1029.08	9627.56
1029.99	9566.09
1030.9	9659.79
1031.81	9718.07
1032.72	9670.21
1033.63	9717.87
1034.53	9772.24
1035.44	9741.99
1036.35	9738.23
1037.26	9749
1038.17	9739.15
1039.07	9734.72
1039.98	9799.44
1040.89	9826.17
1041.79	9833.44
1042.7	9813.36
1043.6	10015.7
1044.51	9938.08
1045.41	9939.45
1046.32	9948.57
1047.23	9943.2
1048.13	9892.69
1049.03	9837.03
1049.94	9831.9
1050.84	9863.88
1051.75	9854.79
1052.65	9903.85
1053.55	9914.64
1054.45	9921.19
1055.36	9795.69
1055.36	9795.66
1056.33	9862.71
1057.31	9987.77
1058.28	10012.8
1059.25	9975.89
1060.22	9956.95
1061.2	9912.01
1062.17	9947.07
1063.14	9888.13
1064.11	9903.19
1065.08	9998.25
1066.06	9889.31
1067.03	9988.37
1068	10003.4
1068.97	9964.49
1069.94	10109.5
1070.91	10016.6
1071.88	10045.7
1072.85	10028.7
1073.81	10009.8
1074.78	10004.8
1075.75	9969.9
1076.72	10159
1077.69	10034
1078.66	10125.1
1079.63	9868.14
1080.59	10017.2
1081.56	9880.26
1082.53	10169.3
1083.49	10094.4
1084.46	10133.4
1085.43	10156.5
1086.39	10141.6
1087.36	10234.6
1088.33	10149.7
1089.29	10206.7
1090.26	10263.8
1091.22	10184.9
1092.19	10237.9
1093.15	10353
1094.11	10322
1095.08	10359.1
1096.04	10284.1
1097.01	10267.2
1097.97	10330.3
1098.93	10375.3
1099.9	10344.4
1100.86	10435.4
1101.82	10464.5
1102.78	10305.6
1103.74	10472.6
1104.71	10391.7
1105.67	10434.7
1106.63	10545.8
1107.59	10472.9
1108.55	10549.9
1109.51	10583
1110.47	10598
1111.43	10555.1
1112.39	10552.2
1113.35	10627.2
1114.31	10740.3
1115.27	10577.3
1116.23	10652.4
1117.19	10531.5
1118.14	10758.5
1119.1	10851.6
1120.06	10626.6
1121.02	10795.7
1121.97	10724.8
1122.93	10733.8
1123.89	10678.9
1124.84	10755.9
1125.8	10711
1126.76	10612
1127.71	10505.1
1128.67	10588.2
1129.63	10687.2
1130.58	10620.3
1131.54	10579.3
1132.49	10490.4
1133.45	10533.5
1134.4	10522.5
1135.35	10601.6
1136.31	10512.6
1137.26	10635.7
1138.21	10530.8
1139.17	10559.8
1140.12	10488.9
1141.07	10609.9
1142.03	10619
1142.98	10618.1
1143.93	10741.1
1144.88	10644.2
1145.83	10615.2
1146.78	10722.3
1147.73	10543.4
1148.68	10536.4
1149.63	10709.5
1150.59	10566.5
1151.54	10743.6
1152.49	10682.7
1153.44	10709.7
1154.39	10502.8
1155.33	10699.8
1156.28	10794.9
1157.23	10779.9
1158.18	10831
1159.13	10834.1
1160.07	10917.1
1161.02	11006.2
1161.97	10939.2
1162.92	11038.3
1163.86	10997.4
1164.81	11110.4
1165.76	11031.5
1166.7	11128.5
1167.65	10959.6
1168.59	11178.7
1169.54	11047.7
1170.48	10962.8
1171.43	11131.8
1172.37	11192.9
1173.32	11092
1174.26	11153
1175.21	11046.1
1176.15	10921.1
1177.1	11032.2
1178.04	11033.3
1178.98	10992.3
1179.93	10965.4
1180.87	10994.4
1181.81	11101.5
1182.75	11192.6
1183.69	11021.6
1184.63	11158.7
1185.58	11061.7
1186.52	11200.8
1187.46	11081.8
1188.4	10974.9
1189.34	11232
1190.28	11077
1191.22	11060.1
1192.16	11095.1
1193.1	11184.2
1194.04	11009.3
1194.98	11106.3
1195.92	11111.4
1196.86	11158.4
1197.79	11131.5
1198.73	11142.6
1199.67	11263.6
1200.61	11130.7
1201.54	11213.7
1202.48	11114.8
1203.42	11145.9
1204.35	11138.9
1205.29	11158
1206.23	11297
1207.16	11156.1
1208.1	11155.2
1209.04	11122.2
1209.97	11203.3
1210.91	11158.3
1211.84	11221.4
1212.77	11140.5
1213.71	11217.5
1214.64	11260.6
1215.58	11127.6
1216.51	11288.7
1217.44	11189.8
1218.38	11216.8
1219.31	11359.9
1220.24	11344.9
1221.17	11206
1222.11	11299
1223.04	11308.1
1223.97	11339.2
1224.9	11210.2
1225.83	11343.3
1226.76	11274.3
1227.69	11445.4
1228.62	11328.5
1229.55	11429.5
1230.48	11516.6
1231.41	11347.6
1232.34	11396.7
1233.27	11437.8
1234.2	11490.8
1235.13	11477.9
1236.06	11660.9
1236.99	11666
1237.92	11657.1
1238.84	11626.1
1239.77	11523.2
1240.7	11610.2
1241.63	11669.3
1242.55	11580.4
1243.48	11695.4
1244.41	11774.5
1245.33	11709.5
1246.26	11690.6
1247.18	11815.6
1248.11	11628.7
1249.03	11673.8
1249.96	11770.8
1250.89	11813.9
1251.81	11768.9
1252.73	11764
1253.66	11809.1
1254.58	11928.1
1255.5	11859.2
1256.43	11818.2
1257.35	11907.3
1258.27	11900.4
1259.2	11921.4
1260.12	11974.5
1261.04	11937.5
1261.96	11948.6
1262.88	11913.7
1263.81	11950.7
1264.73	12015.8
1265.65	11994.8
1266.57	11917.9
1267.49	11961
1268.41	12170
1269.33	12209.1
1270.25	12140.1
1271.17	12127.2
1272.09	12052.3
1273.01	12217.3
1273.93	11900.4
1274.84	12067.4
1275.76	12102.5
1276.68	12199.5
1277.6	12038.6
1278.52	12003.7
1279.43	12156.7
1280.35	12069.8
1281.27	12274.8
1282.18	11983.9
1283.1	12217
1284.02	12042
1284.93	12143.1
1285.85	12328.1
1286.76	12235.2
1287.68	12196.3
1288.59	12145.3
1289.51	12168.4
1290.42	12281.4
1291.34	12254.5
1292.25	12343.6
1293.17	12318.6
1294.08	12311.7
1294.99	12390.7
1295.91	12345.8
1296.82	12304.9
1297.73	12399.9
1298.64	12349
1299.55	12396
1300.47	12501.1
1301.38	12434.2
1302.29	12437.2
1303.2	12518.3
1304.11	12489.3
1305.02	12518.4
1305.93	12487.5
1306.84	12668.5
1307.75	12573.6
1308.66	12488.6
1309.57	12615.7
1310.48	12546.7
1311.39	12549.8
1312.3	12410.9
1313.21	12447.9
1314.11	12579
1315.02	12708
1315.93	12721.1
1316.84	12636.2
1317.75	12697.2
1318.65	12752.3
1319.56	12587.3
1320.46	12746.4
1321.37	12715.5
1322.28	12814.5
1323.19	12687.6
1324.09	12720.6
1325	12783.7
1325.9	12678.8
1326.81	12715.8
1327.71	12734.9
1328.62	12743.9
1329.52	12729
1330.42	12716.1
1331.33	12799.1
1332.23	12726.2
1333.13	12831.2
1334.04	12722.3
1334.94	12945.4
1335.84	12710.4
1336.74	12853.5
1337.65	12804.5
1338.55	12739.6
1339.45	12714.6
1340.35	12681.7
1341.25	12782.8
1342.15	12765.8
1343.05	12722.9
1343.95	12891.9
1344.85	12765
1345.75	12710.1
1346.65	12803.1
1347.55	12876.2
1348.45	12849.2
1349.35	12848.3
1350.25	12827.4
1351.15	12908.4
1352.05	12899.5
1352.94	12752.5
1353.84	12741.6
1354.74	12944.7
1355.64	13027.7
1356.53	13032.8
1357.43	12867.8
1358.33	13058.9
1359.22	13060
1360.12	12943
1361.01	13030.1
1361.91	13067.1
1362.81	13178.2
1363.7	13055.3
1364.6	12980.3
1365.49	13093.4
1366.39	13232.4
1367.28	13049.5
1368.17	13270.5
1369.07	13215.6
1369.96	13298.7
1370.85	13253.7
1371.75	13316.8
1372.64	13357.8
1373.53	13390.9
1374.42	13434
1375.32	13459
1376.21	13572.1
1377.1	13515.1
1377.99	13560.2
1378.88	13761.3
1379.77	13616.3
1380.66	13697.4
1381.55	13808.4
1382.44	13911.5
1383.33	13740.6
1384.22	13787.6
1385.11	13862.7
1386	13881.7
1386.89	13874.8
1387.78	14003.9
1388.67	14078.9
1389.55	13974
1390.44	13843
1391.33	13966.1
1392.22	14025.2
1393.1	13920.2
1393.99	14067.3
1394.88	14020.3
1395.77	13889.4
1396.65	13944.4
1397.54	13901.5
1398.42	14032.6
1399.31	14025.6
1400.19	13976.7
1401.08	13929.7
1401.96	13680.8
1402.85	13855.9
1403.73	13776.9
1404.62	13684
1405.5	13587
1406.38	13854.1
1407.27	13635.2
1408.15	13660.2
1409.03	13787.3
1409.92	13574.3
1410.8	13503.4
1411.68	13518.5
1412.56	13603.5
1413.44	13614.6
1414.33	13531.6
1415.21	13486.7
1416.09	13581.8
1416.97	13610.8
1417.85	13559.9
1418.73	13650.9
1419.61	13502
1420.49	13547.1
1421.37	13566.1
1422.25	13563.2
1423.13	13540.2
1424.01	13623.3
1424.89	13444.3
1425.76	13499.4
1426.64	13648.5
1427.52	13549.5
1428.4	13668.6
1429.28	13635.6
1430.15	13652.7
1431.03	13463.8
1431.91	13542.8
1432.78	13603.9
1433.66	13562.9
1434.54	13484
1435.41	13551.1
1436.29	13604.1
1437.16	13633.2
1438.04	13506.2
1438.91	13537.3
1439.79	13550.4
1440.66	13717.4
1441.53	13646.5
1442.41	13745.5
1443.28	13600.6
1444.15	13539.7
1445.03	13754.7
1445.9	13803.8
1446.77	13774.8
1447.65	13667.9
1448.52	13797
1449.39	13710
1450.26	13703.1
1451.13	13764.1
1452	13741.2
1452.88	13716.2
1453.75	13841.3
1454.62	13784.4
1455.49	13733.4
1456.36	13800.5
1457.23	13811.5
1458.1	13896.6
1458.97	13817.7
1459.83	13842.7
1460.7	13833.8
1461.57	13862.8
1462.44	13923.9
1463.31	13717
1464.18	13768
1465.04	13903.1
1465.91	13926.1
1466.78	13897.2
1467.64	14004.3
1468.51	13993.3
1469.38	14042.4
1470.24	14059.4
1471.11	14044.5
1471.98	14023.6
1472.84	14236.6
1473.71	14041.7
1474.57	14092.7
1475.44	14055.8
1476.3	14110.9
1477.16	13993.9
1478.03	14027
1478.89	14102
1479.76	14103.1
1480.62	13948.1
1481.48	14017.2
1482.35	13974.3
1483.21	14111.3
1484.07	14116.4
1484.93	14125.4
1485.79	14234.5
1486.66	14203.6
1487.52	14042.6
1488.38	14155.7
1489.24	14074.7
1490.1	14191.8
1490.96	14256.9
1491.82	14287.9
1492.68	14121
1493.54	14144
1494.4	14239.1
1495.26	14066.2
1496.12	14013.2
1496.98	14220.3
1497.83	14195.3
1498.69	14206.4
1499.55	14173.5
1500.41	14008.5
1501.27	14223.6
1502.12	14092.6
1502.98	14277.7
1503.84	14264.8
1504.69	14333.8
1505.55	14248.9
1506.41	14439.9
1507.26	14271
1508.12	14362
1508.97	14255.1
1509.83	14476.2
1510.68	14343.2
1511.54	14366.3
1512.39	14435.3
1513.25	14372.4
1514.1	14579.5
1514.96	14402.5
1515.81	14363.6
1516.66	14334.6
1517.52	14449.7
1518.37	14350.8
1519.22	14515.8
1520.07	14466.9
1520.92	14497.9
1521.78	14435
1522.63	14412.1
1523.48	14523.1
1524.33	14526.2
1525.18	14349.2
1526.03	14418.3
1526.88	14461.4
1527.73	14624.4
1528.58	14557.5
1529.43	14372.5
1530.28	14635.6
1531.13	14504.7
1531.98	14415.7
1532.83	14850.8
1533.68	14551.8
1534.52	14632.9
1535.37	14519.9
1536.22	14805
1537.07	14574.1
1537.91	14573.1
1538.76	14776.2
1539.61	14673.2
1540.45	14698.3
1541.3	14577.4
1542.15	14750.4
1542.99	14637.5
1543.84	14862.5
1544.68	14811.6
1545.53	14848.7
1546.37	14699.7
1547.22	14758.8
1548.06	14781.8
1548.91	14824.9
1549.75	14724
1550.6	14915
1551.44	14748.1
1552.28	14913.1
1553.12	14720.2
1553.97	14921.3
1554.81	14774.3
1555.65	14921.4
1556.49	14784.4
1557.34	14737.5
1558.18	14818.6
1559.02	14905.6
1559.86	14732.7
1560.7	14763.7
1561.54	14932.8
1562.38	14877.8
1563.22	14862.9
1564.06	15010
1564.9	15001
1565.74	15058.1
1566.58	14763.1
1567.42	14990.2
1568.26	14983.3
1569.1	14800.3
1569.93	14883.4
1570.77	14950.4
1571.61	14815.5
1572.45	14892.6
1573.28	14891.6
1574.12	14852.7
1574.96	14851.7
1575.79	14922.8
1576.63	14831.9
1577.47	14850.9
1578.3	14872
1579.14	14931
1579.97	14750.1
1580.81	14825.2
1581.64	14952.2
1582.48	14911.3
1583.31	15008.3
1584.15	15025.4
1584.98	15002.5
1585.81	14943.5
1586.64	15028.6
1587.48	15129.6
1588.31	15046.7
1589.14	15045.7
1589.98	15224.8
1590.81	15189.9
1591.64	15154.9
1592.47	15122
1593.3	15287
1594.14	15234.1
1594.97	15335.2
1595.8	15068.2
1596.63	15385.3
1597.46	15274.3
1598.29	15229.4
1599.12	15288.5
1599.95	15293.5
1600.78	15206.6
1601.6	15271.6
1602.43	15230.7
1603.26	15309.8
1604.09	15302.8
1604.92	15291.9
1605.75	15572.9
1606.57	15458
1607.4	15435.1
1608.23	15358.1
1609.06	15409.2
1609.88	15600.2
1610.71	15483.3
1611.53	15424.4
1612.36	15385.4
1613.19	15656.5
1614.01	15625.5
1614.84	15470.6
1615.66	15503.6
1616.49	15408.7
1617.31	15527.8
1618.14	15440.8
1618.96	15553.9
1619.78	15534.9
1620.61	15474
1621.43	15487.1
1622.25	15448.1
1623.08	15705.2
1623.9	15372.2
1624.72	15525.3
1625.54	15524.4
1626.37	15627.4
1627.19	15486.5
1628.01	15565.5
1628.83	15442.6
1629.65	15599.7
1630.47	15404.7
1631.29	15375.8
1632.11	15596.8
1632.93	15541.9
1633.75	15605
1634.57	15462
1635.39	15551.1
1636.21	15470.1
1637.03	15559.2
1637.85	15650.3
1638.66	15565.3
1639.48	15450.4
1640.3	15619.4
1641.12	15540.5
1641.94	15489.5
1642.75	15512.6
1643.57	15643.7
1644.39	15640.7
1645.2	15535.8
1646.02	15596.8
1646.83	15649.9
1647.65	15651
1648.47	15636
1649.28	15719.1
1650.1	15676.1
1650.91	15713.2
1651.72	15648.3
1652.54	15627.3
1653.35	15738.4
1654.17	15733.4
1654.98	15568.5
1655.79	15621.6
1656.61	15574.6
1657.42	15567.7
1658.23	15686.7
1659.04	15569.8
1659.86	15806.9
1660.67	15685.9
1661.48	15723
1662.29	15820
1663.1	15597.1
1663.91	15858.2
1664.72	15509.2
1665.54	15780.3
1666.34	15771.3
1667.16	15772.4
1667.96	15693.4
1668.77	15702.5
1669.58	15975.6
1670.39	15714.6
1671.2	15949.7
1672.01	15810.7
1672.82	15647.8
1673.63	15782.9
1674.43	15623.9
1675.24	15723
1676.05	15692
1676.85	15617.1
1677.66	15698.2
1678.47	15771.2
1679.28	15768.3
1680.08	15903.3
1680.89	15720.4
1681.69	15843.5
1682.5	15812.5
1683.3	15723.6
1684.11	15892.6
1684.91	15867.7
1685.72	15878.8
1686.52	15905.8
1687.32	15870.9
1688.13	15917.9
1688.93	15823
1689.74	15786.1
1690.54	15881.1
1691.34	15886.2
1692.14	15849.2
1692.95	15890.3
1693.75	15885.3
1694.55	15956.4
1695.35	15979.5
1696.15	15978.5
1696.95	16001.6
1697.76	15988.6
1698.55	16051.7
1699.36	15716.8
1700.16	16313.8
1700.95	16068.9
1701.76	16041.9
1702.55	15915
1703.35	16240.1
1704.15	16223.1
1704.95	15952.2
1705.75	15975.2
1706.55	16036.3
1707.35	15905.4
1708.14	15932.4
1708.94	16123.5
1709.74	16094.5
1710.54	16153.6
1711.33	16172.7
1712.13	15807.7
1712.93	16096.8
1713.72	16069.8
1714.52	15906.9
1715.31	16062
1716.11	16261
1716.9	16180.1
1717.7	16047.1
1718.49	15922.2
1719.29	16097.3
1720.08	16244.3
1720.88	16121.4
1721.67	16226.4
1722.46	16045.5
1723.26	16278.5
1724.05	16016.9
1724.84	16165.1
1725.63	15994
1726.43	16175.9
1727.22	16101.5
1728.01	16100.1
1728.8	16033.2
1729.59	16236.5
1730.38	16139.6
1731.17	16121.1
1731.97	16232.2
1732.76	16209.5
1733.54	16199.4
1734.34	16213.8
1735.13	16114.7
1735.91	16141
1736.7	16257.5
1737.49	16220.9
1738.28	16250.5
1739.07	16176.5
1739.86	16198.4
1740.65	16194.9
1741.43	16118.3
1742.22	16214.6
1743.01	16264.8
1743.79	16293.5
1744.58	16271.1
1745.37	16137.5
1746.15	16253.5
1746.94	16273.3
1747.73	16317.6
1748.51	16274.8
1749.3	16344.8
1750.08	16286.4
1750.87	16351.7
1751.65	16421.3
1752.44	16334.9
1753.22	16348.1
1754	16460.1
1754.79	16460.8
1755.57	16454.2
1756.35	16370.6
1757.14	16475.2
1757.92	16486
1758.7	16510.9
1759.48	16589
1760.27	16562.1
1761.05	16507.8
1761.83	16463.1
1762.61	16561
1763.39	16601.1
1764.17	16607.7
1764.95	16546
1765.73	16737.7
1766.51	16722.2
1767.29	16626.2
1768.07	16741.4
1768.85	16586.5
1769.63	16757.6
1770.41	16764.7
1771.19	16788.6
1771.97	16917.3
1772.75	16747.6
1773.52	16785.2
1774.3	16776
1775.08	16842.6
1775.86	16950.6
1776.63	17059.8
1777.41	17086.8
1778.18	17066
1778.96	17073.4
1779.74	17188.1
1780.51	17200
1781.29	17152.4
1782.06	17323.6
1782.84	17291.9
1783.61	17381.3
1784.39	17610
1785.16	17664
1785.94	17649.5
1786.71	17619.9
1787.48	17624.3
1788.26	17529.7
1789.03	17523.5
1789.8	17479.1
1790.58	17551.4
1791.35	17465.9
1792.12	17270
1792.89	17348.6
1793.67	17554.3
1794.44	17213.7
1795.21	17148.4
1795.98	17189.8
1796.75	17309.5
1797.52	17094.8
1798.29	17137.5
1799.06	17130
1799.83	17046.4
1800.6	17040.6
1801.37	17074.8
1802.14	17155
1802.91	17188.4
1803.68	17080.9
1804.44	17066.8
1805.21	17084
1805.98	17076.2
1806.75	16957.6
1807.52	17103
1808.28	17103.1
1809.05	17019.8
1809.82	17054.4
1810.36	17004.9
1811.2	16931
1812.04	17087.1
1812.87	17163.1
1813.71	17245.2
1814.55	17005.3
1815.38	17005.3
1816.22	17227.4
1817.06	17077.5
1817.89	17203.6
1818.73	16953.6
1819.56	17125.7
1820.4	17023.8
1821.23	16991.8
1822.07	17039.9
1822.9	16914
1823.74	16924
1824.57	16986.1
1825.41	16940.2
1826.24	16846.2
1827.07	17124.3
1827.91	17152.4
1828.74	17082.5
1829.57	17016.5
1830.41	17116.6
1831.24	16982.7
1832.07	17086.7
1832.9	16990.8
1833.73	17074.9
1834.57	17082.9
1835.4	16939
1836.23	17045.1
1837.06	17007.1
1837.89	17175.2
1838.72	17109.3
1839.55	17183.3
1840.38	17015.4
1841.21	17125.5
1842.04	17205.6
1842.87	17195.6
1843.7	17153.7
1844.53	16919.8
1845.36	17219.8
1846.19	17267.9
1847.02	17436
1847.85	17040
1848.67	17328.1
1849.5	17060.2
1850.33	17422.2
1851.16	17200.3
1851.98	17274.4
1852.81	17130.5
1853.64	17316.5
1854.46	17230.6
1855.29	17382.7
1856.12	17280.7
1856.94	17340.8
1857.77	17192.9
1858.59	17262.9
1859.42	17199
1860.24	17295.1
1861.07	17439.1
1861.9	17255.2
1862.72	17347.3
1863.54	17389.4
1864.37	17451.4
1865.19	17459.5
1866.02	17337.6
1866.84	17477.6
1867.66	17551.7
1868.49	17495.8
1869.31	17369.8
1870.13	17533.9
1870.95	17496
1871.78	17642
1872.6	17476.1
1873.42	17652.2
1874.24	17472.3
1875.06	17506.3
1875.88	17578.4
1876.71	17376.5
1877.53	17478.5
1878.35	17328.6
1879.17	17534.7
1879.99	17656.7
1880.81	17650.8
1881.63	17452.9
1882.45	17526.9
1883.27	17693
1884.08	17593.1
1884.9	17531.1
1885.72	17563.2
1886.54	17587.3
1887.36	17635.4
1888.18	17665.4
1889	17693.5
1889.81	17453.6
1890.63	17555.6
1891.45	17619.7
1892.27	17729.8
1893.08	17621.8
1893.9	17575.9
1894.71	17602
1895.53	17798
1896.35	17650.1
1897.16	17696.2
1897.98	17696.3
1898.79	17788.3
1899.61	17698.4
1900.42	17736.5
1901.24	17694.5
1902.05	17850.6
1902.87	17800.7
1903.68	17642.7
1904.5	17786.8
1905.31	17888.9
1906.12	17614.9
1906.94	17745
1907.75	17787.1
1908.56	17635.2
1909.37	17711.2
1910.19	17833.3
1911	17723.4
1911.81	17893.4
1912.62	17727.5
1913.43	17821.6
1914.24	17885.6
1915.06	17765.7
1915.87	17825.8
1916.68	17937.8
1917.49	17877.9
1918.3	17928
1919.11	17754
1919.92	17872.1
1920.73	17976.2
1921.54	18066.3
1922.35	17894.3
1923.15	17952.4
1923.96	17866.5
1924.77	17880.5
1925.58	17864.6
1926.39	18046.7
1927.2	17994.7
1928	18036.8
1928.81	18080.9
1929.62	17944.9
1930.43	18099
1931.23	17925.1
1932.04	17931.2
1932.85	17993.2
1933.65	18225.3
1934.46	17929.4
1935.26	17949.4
1936.07	18233.5
1936.88	18089.6
1937.68	18075.6
1938.49	18219.7
1939.29	18109.8
1940.1	18107.8
1940.9	18035.9
1941.7	18206
1942.51	18112
1943.31	18128.1
1944.11	18262.2
1944.92	18126.3
1945.72	18060.3
1946.52	17984.4
1947.33	17906.5
1948.13	18272.5
1948.93	18154.6
1949.73	18208.7
1950.54	18048.7
1951.34	17940.8
1952.14	18348.9
1952.94	18264.9
1953.74	18173
1954.54	18199.1
1955.34	18077.2
1956.14	18135.2
1956.94	18199.3
1957.74	18159.4
1958.54	18363.4
1959.34	18053.5
1960.14	18233.6
1960.94	18159.6
1961.74	18183.7
1962.54	18279.8
1963.34	18177.8
1964.14	18223.9
1964.93	18126
1965.73	18146.1
1966.53	18456.1
1967.33	18144.2
1968.12	18216.3
1968.92	18362.3
1969.72	18348.4
1970.51	18392.5
1971.31	18342.5
1972.11	18346.6
1972.9	18468.7
1973.7	18550.7
1974.49	18284.8
1975.29	18368.9
1976.08	18401
1976.88	18293
1977.67	18345.1
1978.47	18247.2
1979.26	18403.2
1980.05	18275.3
1980.85	18543.4
1981.64	18425.4
1982.44	18537.5
1983.23	18471.6
1984.02	18411.6
1984.81	18405.7
1985.61	18311.8
1986.4	18353.8
1987.19	18471.9
1987.98	18364
1988.77	18374.1
1989.57	18342.1
1990.36	18624.2
1991.15	18644.3
1991.94	18560.3
1992.73	18462.4
1993.52	18420.5
1994.31	18472.5
1995.1	18518.6
1995.89	18536.7
1996.68	18686.7
1997.47	18594.8
1998.26	18522.9
1999.05	18619
1999.84	18595
2000.62	18687.1
2001.41	18509.2
2002.2	18649.2
2002.99	18729.3
2003.78	18537.4
2004.56	18701.4
2005.35	18571.5
2006.14	18591.6
2006.92	18665.6
2007.71	18781.7
2008.5	18833.8
2009.28	18653.8
2010.07	18811.9
2010.86	18620
2011.64	18716.1
2012.43	18766.1
2013.21	18902.2
2014	18770.3
2014.78	18662.3
2015.57	18806.4
2016.35	19092.5
2017.13	18846.5
2017.92	18900.6
2018.7	19036.7
2019.49	19010.7
2020.27	18734.8
2021.05	18732.9
2021.83	19005
2022.62	18965
2023.4	18863.1
2024.18	19093.2
2024.96	19029.2
2025.75	18953.3
2026.53	18945.4
2027.31	19053.4
2028.09	19025.5
2028.87	19115.6
2029.65	18953.6
2030.43	19121.7
2031.21	19173.8
2031.99	19195.9
2032.77	18881.9
2033.55	19080
2034.33	19052.1
2035.11	19088.1
2035.89	18902.2
2036.67	19184.3
2037.45	19116.3
2038.23	18882.4
2039	19100.5
2039.78	19032.5
2040.56	19172.6
2041.34	19056.7
2042.11	18922.8
2042.89	18922.8
2043.67	19102.9
2044.44	19089
2045.22	18999
2046	19217.1
2046.77	18957.2
2047.55	18887.2
2048.32	18903.3
2049.1	19039.4
2049.87	19051.4
2050.65	19097.5
2051.42	19093.6
2052.2	19053.6
2052.97	19087.7
2053.75	18989.8
2054.52	19163.9
2055.29	19043.9
2056.07	18912
2056.84	19150.1
2057.61	19020.1
2058.39	19084.2
2059.16	19244.3
2059.93	19044.3
2060.7	18944.4
2061.48	19142.5
2062.25	19274.5
2063.02	19228.6
2063.79	19260.7
2064.56	19114.8
2065.33	19160.8
2066.1	19092.9
2066.87	19119
2067.64	19027
2068.41	19143.1
2069.18	19259.2
2069.95	19357.2
2070.72	19045.3
2071.49	18947.4
2072.26	19075.4
2073.03	19069.5
2073.8	19135.6
2074.57	19343.6
2075.34	19023.7
2076.1	19063.8
2076.87	19213.9
2077.64	19161.9
2078.41	19054
2079.17	18994.1
2079.94	19330.1
2080.71	18990.2
2081.47	19230.3
2082.24	19198.3
2083.01	19060.4
2083.77	19254.5
2084.54	19134.5
2085.3	19342.6
2086.07	19196.7
2086.83	19190.8
2087.6	19424.8
2088.36	19230.9
2089.13	19197
2089.89	19231
2090.65	19075.1
2091.42	19355.2
2092.18	19159.2
2092.95	19273.3
2093.71	19427.4
2094.47	19413.4
2095.23	19455.5
2096	19423.6
2096.76	19271.7
2097.52	19285.7
2098.28	19315.8
2099.04	19253.9
2099.8	19457.9
2100.57	19514
2101.33	19540.1
2102.09	19400.1
2102.85	19306.2
2103.61	19508.3
2104.37	19408.3
2105.13	19452.4
2105.89	19424.5
2106.65	19640.6
2107.41	19258.6
2108.17	19396.7
2108.92	19394.8
2109.68	19450.8
2110.44	19492.9
2111.2	19319
2111.96	19489
2112.72	19511.1
2113.47	19509.2
2114.23	19463.2
2114.99	19539.3
2115.75	19431.4
2116.5	19487.4
2117.26	19471.5
2118.01	19475.6
2118.77	19411.7
2119.53	19541.7
2120.28	19611.8
2121.04	19423.9
2121.79	19461.9
2122.55	19492
2123.3	19538.1
2124.06	19528.1
2124.81	19524.2
2125.57	19414.3
2126.32	19548.3
2127.07	19510.4
2127.83	19574.5
2128.58	19636.6
2129.33	19404.6
2130.09	19606.7
2130.84	19562.8
2131.59	19504.8
2132.34	19754.9
2133.1	19513
2133.85	19483
2134.6	19555.1
2135.35	19381.2
2136.1	19489.2
2136.85	19499.3
2137.6	19779.4
2138.35	19523.4
2139.1	19643.5
2139.85	19531.6
2140.6	19575.7
2141.35	19519.7
2142.1	19603.8
2142.85	19577.9
2143.6	19435.9
2144.35	19572
2145.1	19502.1
2145.85	19458.1
2146.59	19542.2
2147.34	19486.3
2148.09	19496.3
2148.84	19624.4
2149.59	19526.5
2150.33	19882.6
2151.08	19594.6
2151.83	19794.7
2152.57	19772.8
2153.32	19746.8
2154.07	19636.9
2154.81	19661
2155.56	19627
2156.3	19705.1
2157.05	19705.2
2157.79	19705.2
2158.54	19743.3
2159.28	19709.4
2160.03	19739.5
2160.77	19873.5
2161.51	19915.6
2162.26	19663.7
2163	19657.7
2163.74	19751.8
2164.49	19855.9
2165.23	19861.9
2165.97	19892
2166.72	19814.1
2167.46	19862.1
2168.2	19888.2
2168.94	20062.3
2169.68	19958.3
2170.42	19712.4
2171.17	19736.5
2171.91	20008.6
2172.65	19850.6
2173.39	20018.7
2174.13	19810.8
2174.87	20080.8
2175.61	19932.9
2176.35	20041
2177.09	19941
2177.83	19921.1
2178.56	19775.2
2179.3	19913.2
2180.04	20111.3
2180.78	20231.4
2181.52	20075.5
2182.26	20143.5
2182.99	19903.6
2183.73	19837.7
2184.47	20021.7
2185.21	20135.8
2185.94	20009.9
2186.68	20065.9
2187.42	19986
2188.15	19924.1
2188.89	20014.1
2189.63	20088.2
2190.36	19970.3
2191.1	20010.4
2191.83	20060.4
2192.57	19998.5
2193.3	20240.6
2194.04	20140.6
2194.77	20196.7
2195.5	20134.8
2196.24	20114.8
2196.97	20036.9
2197.7	20075
2198.44	20037
2199.17	20123.1
2199.9	20183.2
2200.64	20027.2
2201.37	20187.3
2202.1	20207.4
2202.83	20137.5
2203.57	20109.5
2204.3	20115.6
2205.03	20289.7
2205.76	20169.7
2206.49	20059.8
2207.22	20407.9
2207.95	20135.9
2208.68	20122
2209.41	20060.1
2210.14	20364.1
2210.87	20340.2
2211.6	20044.3
2212.33	20290.4
2213.06	20290.4
2213.79	20272.5
2214.52	20344.6
2215.25	20474.6
2215.97	20244.7
2216.7	20286.8
2217.43	20190.8
2218.16	20226.9
2218.88	20303
2219.61	20257
2220.34	20359.1
2221.06	20097.2
2221.79	20305.3
2222.52	20419.3
2223.24	20447.4
2223.97	20123.5
2224.69	20263.5
2225.42	20451.6
2226.14	20427.7
2226.87	20217.7
2227.59	20285.8
2228.32	20335.9
2229.04	20245.9
2229.77	20240
2230.49	20352.1
2231.21	20356.1
2231.94	20344.2
2232.66	20250.3
2233.38	20332.4
2234.11	20476.4
2234.83	20332.5
2235.55	20282.6
2236.27	20318.6
2237	20440.7
2237.72	20426.8
2238.44	20402.8
2239.16	20414.9
2239.88	20541
2240.6	20429
2241.32	20483.1
2242.04	20695.2
2242.76	20437.3
2243.48	20575.3
2244.2	20389.4
2244.92	20327.5
2245.64	20473.5
2246.36	20243.6
2247.08	20391.7
2247.8	20373.7
2248.52	20359.8
2249.24	20653.9
2249.95	20563.9
2250.67	20648
2251.39	20430.1
2252.11	20572.2
2252.83	20582.2
2253.54	20538.3
2254.26	20580.4
2254.98	20474.4
2255.69	20440.5
2256.41	20538.6
2257.12	20618.6
2257.84	20568.7
2258.56	20346.8
2259.27	20634.8
2259.99	20470.9
2260.7	20679
2261.42	20585
2262.13	20473.1
2262.85	20615.2
2263.56	20737.3
2264.27	20545.3
2264.99	20735.4
2265.7	20611.5
2266.41	20411.5
2267.13	20449.6
2267.84	20447.7
2268.55	20509.7
2269.26	20491.8
2269.98	20507.9
2270.69	20739.9
2271.4	20700
2272.11	20668.1
2272.82	20558.2
2273.53	20658.2
2274.24	20672.3
2274.95	20496.4
2275.67	20612.4
2276.38	20442.5
2277.09	20572.6
2277.8	20732.6
2278.5	20614.7
2279.22	20558.8
2279.92	20468.8
2280.63	20550.9
2281.34	20689
2282.05	20487.1
2282.76	20563.1
2283.47	20533.2
2284.17	20393.3
2284.88	20415.3
2285.59	20317.4
2286.3	20559.5
2287	20457.5
2287.71	20287.6
2288.42	20463.7
2289.12	20451.7
2289.83	20557.8
2290.54	20377.9
2291.24	20317.9
2291.95	20524
2292.65	20434.1
2293.36	20268.2
2294.06	20372.2
2294.77	20286.3
2295.47	20452.4
2296.18	20436.4
2296.88	20322.5
2297.58	20534.6
2298.29	20338.6
2298.99	20388.7
2299.69	20352.8
2300.4	20252.8
2301.1	20242.9
2301.8	20273
2302.5	20231.1
2303.21	20345.1
2303.91	20231.2
2304.61	20379.3
2305.31	20235.3
2306.01	20305.4
2306.71	20297.5
2307.41	20235.5
2308.11	20371.6
2308.81	20203.7
2309.51	20263.7
2310.22	20061.8
2310.92	20325.9
2311.61	20136
2312.31	20102
2313.01	20348.1
2313.71	20288.2
2314.41	20264.2
2315.11	20222.3
2315.81	20290.4
2316.5	20282.4
2317.2	20230.5
2317.9	20436.6
2318.6	20242.6
2319.29	20504.7
2319.99	20356.8
2320.69	20460.8
2321.38	20414.9
2322.08	20365
2322.78	20287.1
2323.47	20359.1
2324.17	20383.2
2324.86	20319.3
2325.56	20409.3
2326.26	20371.4
2326.95	20655.5
2327.65	20363.5
2328.34	20425.6
2329.03	20307.7
2329.73	20427.7
2330.42	20021.8
2331.11	20381.9
2331.81	20402
2332.5	20638
2333.2	20306.1
2333.89	20198.2
2334.58	20534.2
2335.27	20434.3
2335.96	20496.4
2336.66	20418.4
2337.35	20306.5
2338.04	20406.6
2338.73	20492.6
2339.42	20402.7
2340.11	20522.8
2340.8	20612.8
2341.49	20494.9
2342.18	20425
2342.87	20483.1
2343.56	20705.1
2344.25	20563.2
2344.94	20435.3
2345.63	20649.3
2346.32	20673.4
2347.01	20585.5
2347.7	20583.5
2348.38	20725.6
2349.07	20571.7
2349.76	20643.7
2350.45	20777.8
2351.14	20649.9
2351.82	20694
2352.51	20774
2353.2	20752.1
2353.88	20660.2
2354.57	20678.2
2355.25	20618.3
2355.94	20564.4
2356.63	20776.4
2357.31	21068.5
2358	20684.6
2358.68	20930.6
2359.37	20710.7
2360.05	20792.8
2360.74	20712.9
2361.42	20900.9
2362.1	20713
2362.79	21009.1
2363.47	20807.1
2364.16	20999.2
2364.84	20887.3
2365.52	20937.3
2366.2	20869.4
2366.89	20935.5
2367.57	20873.5
2368.25	21005.6
2368.93	20979.7
2369.61	20937.8
2370.29	20927.8
2370.98	21051.9
2371.66	20896
2372.34	21026
2373.02	21050.1
2373.7	21014.2
2374.38	21012.2
2375.06	21064.3
2375.74	21130.4
2376.42	21082.4
2377.1	20824.5
2377.78	21042.6
2378.46	21106.6
2379.13	20962.7
2379.81	21062.8
2380.49	21052.9
2381.17	21332.9
2381.85	21121
2382.52	21161.1
2383.2	21313.1
2383.88	21097.2
2384.55	20935.5
2385.23	21048.9
2385.91	21219.6
2386.58	21052.1
2387.26	21080.2
2387.94	21157.1
2388.61	21029.1
2389.29	20971.9
2389.96	21150.2
2390.64	21304.7
2391.31	21206.4
2391.99	21089.4
2392.66	21299.5
2393.33	21210.4
2394.01	21032
2394.68	21116.9
2395.36	21177.7
2396.03	21138.4
2396.7	21144.6
2397.38	21186.6
2398.05	21199.7
2398.72	21052
2399.39	21092.9
2400.06	21256.7
2400.74	21216.1
2401.41	21077.1
2402.08	21129.6
2402.75	21308.7
2403.42	21285.5
2404.09	21237.4
2404.76	21234
2405.43	21272.8
2406.1	21166.2
2406.77	21077.4
2407.44	21278.9
2408.11	21176.4
2408.78	21210.5
2409.45	21074.3
2410.12	21183
2410.79	21128.4
2411.46	21095.4
2412.12	21182.2
2412.79	21107
2413.46	21207.9
2414.13	21146.4
2414.79	21188
2415.46	21141
2416.13	21156.4
2416.8	21161.4
2417.46	21274.9
2418.13	21288
2418.79	21262.4
2419.46	21275.1
2420.13	21225.7
2420.79	21255.9
2421.46	21218.1
2422.12	21229.2
2422.79	21135
2423.45	21145.5
2424.11	21232.9
2424.78	21235.8
2425.44	21236.9
2426.11	21241
2426.77	21212.2
2427.43	21294.3
2428.09	21231.7
2428.76	21262.5
2429.42	21211.4
2430.08	21165.7
2430.75	21227.3
2431.41	21299.7
2432.07	21346.2
2432.73	21270.8
2433.39	21310.8
2434.05	21237
2434.71	21506.1
2435.37	21299.7
2436.04	21260.9
2436.7	21306.2
2437.35	21365.6
2438.01	21337.5
2438.67	21257.5
2439.33	21355.9
2439.99	21427.3
2440.65	21281.6
2441.31	21337.5
2441.97	21405.1
2442.63	21357.5
2443.29	21349.2
2443.94	21331.5
2444.6	21395.6
2445.26	21482
2445.92	21492
2446.57	21293.8
2447.23	21399.9
2447.89	21425.6
2448.54	21507.7
2449.2	21635.1
2449.86	21514
2450.51	21445.7
2451.17	21495.1
2451.82	21492.1
2452.48	21450.2
2453.13	21544.4
2453.79	21464.5
2454.44	21377.3
2455.09	21670.1
2455.75	21661.4
2456.4	21583.5
2457.06	21461.2
2457.71	21473.7
2458.36	21456.5
2458.74	21393
2459.46	21616.3
2460.19	21613.5
2460.91	21548.8
2461.64	21744.1
2462.36	21549.3
2463.08	21716.6
2463.8	21635.9
2464.53	21413.1
2465.25	21598.4
2465.97	21677.7
2466.69	21672.9
2467.41	21734.2
2468.14	21685.5
2468.86	21674.7
2469.58	21774
2470.3	21473.3
2471.02	21668.5
2471.74	21625.8
2472.46	21685.1
2473.18	21714.3
2473.9	21719.6
2474.62	21716.9
2475.34	21576.2
2476.06	21859.4
2476.78	21732.7
2477.5	21766
2478.22	21465.2
2478.94	21620.5
2479.66	21651.8
2480.38	21719
2481.09	21772.3
2481.81	21843.6
2482.53	21798.8
2483.25	21720.1
2483.97	21759.4
2484.68	21690.6
2485.4	21739.9
2486.12	21759.2
2486.83	21768.4
2487.55	21817.7
2488.27	21699
2488.98	21882.2
2489.7	21649.5
2490.41	21686.8
2491.13	21922
2491.85	21769.3
2492.56	21784.6
2493.28	21643.8
2493.99	21987.1
2494.71	21752.4
2495.42	21795.7
2496.13	21756.9
2496.85	21816.2
2497.56	21729.5
2498.28	21590.7
2498.99	21718
2499.7	21543.3
2500.42	21908.5
2501.13	21951.8
2501.84	21777.1
2502.55	21684.3
2503.27	21749.6
2503.98	21772.9
2504.69	22000.1
2505.4	21749.4
2506.12	21852.7
2506.83	21859.9
2507.54	21569.2
2508.25	21932.5
2508.96	21869.7
2509.67	21833
2510.38	21698.3
2511.09	21831.5
2511.8	21986.8
2512.51	21858.1
2513.22	21887.3
2513.93	21818.6
2514.64	21535.9
2515.35	21891.2
2516.06	21836.4
2516.77	21969.7
2517.48	21881
2518.18	21898.2
2518.89	21663.5
2519.6	21718.8
2520.31	21694
2521.02	21775.3
2521.72	21910.6
2522.43	22011.8
2523.14	21823.1
2523.85	21968.4
2524.55	21803.6
2525.26	21892.9
2525.96	21954.2
2526.67	21839.4
2527.38	21796.7
2528.08	21772
2528.79	21929.2
2529.49	21790.5
2530.2	21835.8
2530.9	21905
2531.61	21876.3
2532.31	21981.6
2533.02	21894.8
2533.72	21824.1
2534.43	21953.4
2535.13	21966.7
2535.83	21751.9
2536.54	21979.2
2537.24	21900.5
2537.95	21885.7
2538.65	21961
2539.35	21720.3
2540.05	22059.5
2540.76	21908.8
2541.46	22030.1
2542.16	21867.3
2542.86	21788.6
2543.56	22065.9
2544.26	21953.1
2544.97	21894.4
2545.67	21955.7
2546.37	21942.9
2547.07	21720.2
2547.77	21925.5
2548.47	21898.7
2549.17	21858
2549.87	21799.3
2550.57	21912.5
2551.27	21767.8
2551.97	21855.1
2552.67	21906.3
2553.37	21971.6
2554.06	21904.9
2554.76	21952.2
2555.46	21803.4
2556.16	22008.7
2556.86	21852
2557.56	21819.2
2558.25	21876.5
2558.95	21831.8
2559.65	21973
2560.35	21894.3
2561.04	21903.6
2561.74	21782.8
2562.44	21846.1
2563.13	21925.4
2563.83	21938.6
2564.52	21963.9
2565.22	21715.2
2565.92	21986.4
2566.61	21953.7
2567.31	22047
2568	21844.2
2568.7	22029.5
2569.39	21958.8
2570.09	21856
2570.78	21893.3
2571.47	21900.6
2572.17	21965.8
2572.86	21831.1
2573.56	21846.4
2574.25	21739.6
2574.94	21830.9
2575.63	22172.2
2576.33	21923.5
2577.02	21918.7
2577.71	21464
2578.4	21867.3
2579.1	21978.5
2579.79	21937.8
2580.48	21811.1
2581.17	21806.3
2581.86	21903.6
2582.55	21830.9
2583.24	21726.1
2583.94	21771.4
2584.63	21726.7
2585.32	21817.9
2586.01	21769.2
2586.7	21874.5
2587.39	21719.7
2588.07	21971
2588.76	21936.3
2589.45	21909.5
2590.14	21854.8
2590.83	21886.1
2591.52	21833.3
2592.21	21784.6
2592.9	21969.9
2593.58	21769.1
2594.27	21860.4
2594.96	21865.7
2595.65	21725
2596.33	21818.2
2597.02	21777.5
2597.71	21878.8
2598.4	21982
2599.08	21975.3
2599.77	21866.6
2600.45	21843.8
2601.14	21897.1
2601.82	22032.4
2602.51	21849.6
2603.2	21758.9
2603.88	21952.2
2604.57	22037.4
2605.25	21924.7
2605.94	21898
2606.62	22073.2
2607.31	22066.5
2607.99	22041.8
2608.67	21875
2609.36	21896.3
2610.04	22083.6
2610.72	21974.8
2611.41	21990.1
2612.09	22235.4
2612.77	22016.6
2613.45	22139.9
2614.14	22103.2
2614.82	21838.5
2615.5	22099.7
2616.18	22043
2616.86	22144.3
2617.54	22115.5
2618.23	22274.8
2618.91	22176.1
2619.59	22151.3
2620.27	22030.6
2620.95	22235.9
2621.63	22073.1
2622.31	22164.4
2622.99	22155.7
2623.67	22050.9
2624.35	22246.2
2625.03	22179.5
2625.71	22080.7
2626.38	22138
2627.06	22183.3
2627.74	22026.5
2628.42	22233.8
2629.1	22121.1
2629.78	22118.3
2630.45	22099.6
2631.13	22216.9
2631.81	21924.1
2632.49	22021.4
2633.16	22230.7
2633.84	22093.9
2634.52	22079.2
2635.19	22232.5
2635.87	22143.8
2636.54	22021
2637.22	22002.3
2637.9	22259.6
2638.57	22136.8
2639.25	22282.1
2639.92	22173.4
2640.6	22476.6
2641.27	22151.9
2641.95	22205.2
2642.62	22296.4
2643.29	22265.7
2643.97	22133
2644.64	22412.2
2645.31	22253.5
2645.99	22300.8
2646.66	22408
2647.33	22327.3
2648.01	22420.6
2648.68	22329.8
2649.35	22447.1
2650.02	22172.4
2650.7	22451.6
2651.37	22228.9
2652.04	22154.2
2652.71	22411.4
2653.38	22342.7
2654.05	22266
2654.72	22391.3
2655.4	22244.5
2656.07	22279.8
2656.74	22425.1
2657.41	22258.3
2658.08	22205.6
2658.75	22460.9
2659.41	22278.1
2660.08	22263.4
2660.75	22374.7
2661.42	22271.9
2662.09	22155.2
2662.76	22198.5
2663.43	22343.7
2664.1	22341
2664.77	22318.3
2665.43	22441.5
2666.1	22276.8
2666.77	22270.1
2667.44	22199.3
2668.1	22388.6
2668.77	22329.9
2669.43	22317.1
2670.1	22116.4
2670.77	22325.7
2671.43	22398.9
2672.1	22148.2
2672.76	22319.5
2673.43	22422.8
2674.1	22256
2674.76	22563.3
2675.43	22382.6
2676.09	22425.8
2676.76	22147.1
2677.42	22364.4
2678.08	22187.6
2678.75	22454.9
2679.41	22440.2
2680.07	22185.4
2680.74	22284.7
2681.4	22392
2682.06	22537.2
2682.73	22082.5
2683.39	22529.8
2684.05	22463
2684.71	22324.3
2685.38	22155.6
2686.04	22194.8
2686.7	22300.1
2687.36	22369.4
2688.02	22112.6
2688.68	22239.9
2689.35	22313.2
2690.01	22170.4
2690.67	22341.7
2691.33	22257
2691.99	22354.3
2692.65	22193.5
2693.31	22326.8
2693.97	22270.1
2694.63	22205.3
2695.28	22084.6
2695.94	22397.9
2696.6	22169.1
2697.26	22358.4
2697.92	22173.7
2698.58	22056.9
2699.24	22274.2
2699.89	22437.5
2700.55	22354.7
2701.21	22466
2701.87	22213.3
2702.52	22278.5
2703.18	22249.8
2703.84	22309.1
2704.49	22054.3
2705.15	22217.6
2705.81	22306.9
2706.46	22196.1
2707.12	22101.4
2707.77	22190.7
2708.43	22305.9
2709.08	22169.2
2709.74	22448.5
2710.39	22305.8
2711.05	22197
2711.7	22284.3
2712.36	22329.6
2713.01	22256.8
2713.66	22066.1
2714.32	22273.4
2714.97	22208.6
2715.62	22179.9
2716.28	22353.2
2716.93	22260.4
2717.58	22381.7
2718.24	22339
2718.89	22076.2
2719.54	22273.5
2720.19	22192.8
2720.84	22246
2721.5	22275.3
2722.15	22200.6
2722.8	22197.8
2723.45	22193.1
2724.1	22280.4
2724.75	22125.6
2725.4	22376.9
2726.05	22248.2
2726.7	22195.4
2727.35	22322.7
2728	22288
2728.65	22391.2
2729.3	22360.5
2729.95	22141.8
2730.6	22261.1
2731.24	22240.3
2731.89	22129.6
2732.54	22250.9
2733.19	22206.1
2733.84	22299.4
2734.48	22418.7
2735.13	22221.9
2735.78	22219.2
2736.43	22124.5
2737.07	22225.7
2737.72	22295
2738.37	22318.3
2739.01	22195.5
2739.66	22226.8
2740.3	22318.1
2740.95	22203.3
2741.6	22144.6
2742.24	22345.9
2742.89	22341.1
2743.53	22314.4
2744.18	22267.7
2744.82	22156.9
2745.47	22158.2
2746.11	22285.5
2746.75	22384.7
2747.4	22384
2748.04	22341.3
2748.69	22128.6
2749.33	22233.8
2749.97	22341.1
2750.61	22464.4
2751.26	22277.6
2751.9	22074.9
2752.54	22406.2
2753.18	22269.4
2753.83	22606.7
2754.47	22198
2755.11	22267.2
2755.75	22300.5
2756.39	22277.8
2757.03	22171
2757.67	22382.3
2758.31	22445.6
2758.95	22396.8
2759.59	22372.1
2760.23	22305.4
2760.87	22308.6
2761.51	22431.9
2762.15	22375.2
2762.79	22560.4
2763.43	22351.7
2764.07	22543
2764.71	22304.2
2765.35	22251.5
2765.99	22364.8
2766.62	22224.1
2767.26	22137.3
2767.9	22149.1
2768.54	22382.8
2769.17	22406.6
2769.81	22296.3
2770.45	22302.1
2771.08	22401.8
2771.72	22441.5
2772.36	22331.3
2772.99	22619
2773.63	22372.8
2774.27	22568.5
2774.9	22314.3
2775.54	22380
2776.17	22565.8
2776.81	22561.5
2777.44	22413.3
2778.08	22521
2778.71	22446.8
2779.34	22284.5
2779.98	22568.3
2780.61	22550
2781.25	22489.7
2781.88	22459.5
2782.51	22441.2
2783.15	22545
2783.78	22528.7
2784.41	22434.5
2785.04	22464.2
2785.68	22406
2786.31	22363.7
2786.94	22599.5
2787.57	22517.2
2788.2	22653
2788.83	22626.7
2789.47	22478.5
2790.1	22604.2
2790.73	22507.9
2791.36	22589.7
2791.99	22511.4
2792.62	22573.2
2793.25	22494.9
2793.88	22566.7
2794.51	22472.4
2795.14	22604.2
2795.77	22483.9
2796.4	22577.7
2797.02	22441.4
2797.65	22711.2
2798.28	22486.9
2798.91	22780.7
2799.54	22524.4
2800.16	22654.1
2800.79	22767.9
2801.42	22497.6
2802.05	22531.4
2802.67	22721.1
2803.3	22640.9
2803.93	22290.6
2804.55	22584.4
2805.18	22650.1
2805.81	22543.9
2806.43	22605.6
2807.06	22575.4
2807.68	22819.1
2808.31	22684.8
2808.93	22662.6
2809.56	22572.3
2810.18	22508.1
2810.81	22569.8
2811.43	22441.6
2812.06	22517.3
2812.68	22421.1
2813.3	22720.8
2813.93	22534.6
2814.55	22652.3
2815.18	22788.1
2815.8	22565.8
2816.42	22559.6
2817.04	22519.3
2817.67	22601.1
2818.29	22734.8
2818.91	22710.5
2819.53	22474.3
2820.15	22628
2820.78	22739.8
2821.4	22681.5
2822.02	22709.3
2822.64	22677
2823.26	22792.8
2823.88	22614.5
2824.5	22726.3
2825.12	22670
2825.74	22673.8
2826.36	22669.5
2826.98	22841.3
2827.6	22851
2828.22	22448.7
2828.84	22604.5
2829.46	22564.2
2830.08	22784
2830.69	22873.7
2831.31	22833.5
2831.93	22577.2
2832.55	22709
2833.17	22838.7
2833.78	22766.5
2834.4	22650.2
2835.02	22696
2835.63	22649.7
2836.25	22885.4
2836.87	22599.2
2837.48	22752.9
2838.1	22812.7
2838.72	22822.4
2839.33	22836.2
2839.95	22863.9
2840.56	22845.7
2841.18	22883.4
2841.79	22769.2
2842.41	23106.9
2843.02	22782.7
2843.64	22748.4
2844.25	22826.2
2844.86	22713.9
2845.48	22765.6
2846.09	22885.4
2846.7	22731.1
2847.32	22580.9
2847.93	22816.6
2848.54	22756.4
2849.16	22906.1
2849.77	22849.9
2850.38	22723.6
2850.99	22653.4
2851.6	23057.1
2852.22	22784.9
2852.83	22754.6
2853.44	23076.4
2854.05	22796.1
2854.66	22879.8
2855.27	23111.6
2855.88	22937.3
2856.49	22745.1
2857.1	22826.8
2857.71	22770.6
2858.32	22766.3
2858.93	22752.1
2859.54	22873.8
2860.15	22923.6
2860.76	23049.3
2861.37	22883.1
2861.98	22792.8
2862.58	22904.6
2863.19	22760.3
2863.8	22890
2864.41	22957.8
2865.01	22919.5
2865.62	22963.3
2866.23	22913
2866.84	22920.8
2867.44	22924.5
2868.05	22796.3
2868.66	22942
2869.26	23057.8
2869.87	23073.5
2870.47	23071.3
2871.08	22907
2871.69	22922.8
2872.29	23046.5
2872.9	22896.2
2873.5	22900
2874.11	22873.7
2874.71	23171.5
2875.31	23021.2
2875.92	22941
2876.52	23044.7
2877.13	23028.5
2877.73	22972.2
2878.33	23130
2878.94	22887.7
2879.54	23037.5
2880.14	22779.2
2880.74	23085
2881.35	23190.7
2881.95	23092.4
2882.55	23028.2
2883.15	23083.9
2883.75	22883.7
2884.36	23053.4
2884.96	23119.2
2885.56	23120.9
2886.16	22958.7
2886.76	22960.4
2887.36	23174.2
2887.96	22953.9
2888.56	23107.7
2889.16	23091.4
2889.76	23151.2
2890.36	23132.9
2890.96	22956.6
2891.56	23016.4
2892.16	23186.1
2892.76	23043.9
2893.35	23213.6
2893.95	23125.4
2894.55	23117.1
2895.15	22972.9
2895.75	23344.6
2896.34	23114.4
2896.94	23334.1
2897.54	23275.9
2898.13	23133.6
2898.73	23327.4
2899.33	23159.1
2899.92	23272.8
2900.52	23070.6
2901.12	23236.3
2901.71	23236.1
2902.31	23063.8
2902.9	23179.6
2903.5	23489.3
2904.09	23185.1
2904.69	23276.8
2905.28	23198.6
2905.88	23252.3
2906.47	23200.1
2907.07	23333.8
2907.66	23375.6
2908.25	23307.3
2908.85	23057
2909.44	23230.8
2910.03	23294.5
2910.63	23516.3
2911.22	23012
2911.81	23311.8
2912.4	22963.5
2913	23285.3
2913.59	23419
2914.18	22962.8
2914.77	23320.5
2915.36	23364.3
2915.95	23110
2916.54	23285.8
2917.13	23327.5
2917.73	23405.2
2918.32	23263
2918.91	23260.7
2919.5	23162.5
2920.09	23318.2
2920.68	23178
2921.26	23355.7
2921.85	23479.5
2922.44	23437.2
2923.03	23305
2923.62	23190.7
2924.21	23294.5
2924.8	23194.2
2925.39	23356
2925.97	23335.7
2926.56	23271.4
2927.15	23389.2
2927.73	23554.9
2928.32	23470.7
2928.91	23326.4
2929.5	23350.2
2930.08	23383.9
2930.67	23415.7
2931.26	23501.4
2931.84	23367.2
2932.43	23374.9
2933.01	23388.7
2933.6	23382.4
2934.18	23342.2
2934.77	23381.9
2935.35	23405.6
2935.94	23373.4
2936.52	23595.1
2937.11	23286.9
2937.69	23418.6
2938.27	23420.4
2938.86	23394.1
2939.44	23413.9
2940.02	23459.6
2940.61	23587.4
2941.19	23385.1
2941.77	23644.9
2942.35	23552.6
2942.94	23372.4
2943.52	23364.1
2944.1	23463.8
2944.68	23381.6
2945.26	23443.3
2945.84	23635.1
2946.42	23388.8
2947.01	23540.6
2947.59	23484.3
2948.17	23208.1
2948.75	23497.8
2949.33	23555.6
2949.91	23363.3
2950.49	23577.1
2951.07	23662.8
2951.65	23654.6
2952.23	23546.3
2952.8	23434
2953.38	23480.8
2953.96	23248.2
2954.54	23550.5
2955.12	23601.2
2955.7	23471.8
2956.27	23614.6
2956.85	23517.2
2957.43	23507.3
2958.01	23805.4
2958.58	23503
2959.16	23585.5
2959.74	23619.2
2960.31	23686.2
2960.89	23743.8
2961.46	23573.1
2962.04	23502.8
2962.62	23611.6
2963.19	23654.2
2963.77	23582.1
2964.34	23550.2
2964.92	23650.1
2965.49	23660.2
2966.07	23532.7
2966.64	23599
2967.21	23534.8
2967.79	23664.8
2968.36	23741.4
2968.94	23686.9
2969.51	23522.7
2970.08	23676.2
2970.66	23624.8
2971.23	23786.9
2971.8	23755.3
2972.37	23573.6
2972.95	23592
2973.52	23736.3
2974.09	23748.8
2974.66	23660.8
2975.23	23594.6
2975.8	23694.3
2976.37	23693
2976.94	23628.3
2977.51	23678.3
2978.09	23712.6
2978.65	23695.1
2979.23	23867
2979.79	23734.8
2980.36	23746.2
2980.93	23867.7
2981.5	23681.1
2982.07	23882.3
2982.64	23701.8
2983.21	23795.2
2983.78	23767.2
2984.35	23787.2
2984.92	23686.1
2985.48	23765.2
2986.05	23588.7
2986.62	23982
2987.18	23786.3
2987.75	23838
2988.32	23760.1
2988.89	23694.4
2989.45	23698.8
2990.02	23767.8
2990.58	23857.3
2991.15	23793
2991.72	23790.3
2992.28	23849
2992.85	23860.3
2993.41	23955.7
2993.98	23882.2
2994.54	23766.2
2995.11	23774.5
2995.67	23737.1
2996.24	23757.7
2996.8	23803.4
2997.36	23866.8
2997.93	23776.3
2998.49	23810.2
2999.05	23846.1
2999.62	23820.7
3000.18	23888.9
3000.74	23951.4
3001.3	23915.6
3001.87	23908.5
3002.43	24031.9
3002.99	23874.6
3003.55	23747
3004.11	23946.1
3004.67	23984
3005.24	23948.9
3005.8	23959.2
3006.36	24097.7
3006.92	23918.3
3007.48	23890.9
3008.04	23959.6
3008.6	23975.5
3009.16	24012
3009.72	24071.5
3010.28	24005.3
3010.84	23901.9
3011.4	23917.5
3011.95	24097.7
3012.51	24056.9
3013.07	24014.2
3013.63	23951.4
3014.19	23999.2
3014.74	24016.7
3015.3	23949.8
3015.86	23871.7
3016.33	23821.3
3016.96	23869.7
3017.59	24086.2
3018.22	24086.7
3018.84	23815.1
3019.47	24003.6
3020.1	23944.1
3020.73	23852.5
3021.35	24249
3021.98	24135.5
3022.61	24093.9
3023.23	24174.4
3023.86	24096.9
3024.49	24001.3
3025.11	24107.8
3025.74	24148.3
3026.36	24070.7
3026.99	24065.2
3027.61	24135.7
3028.24	24176.1
3028.86	24012.6
3029.49	24167.1
3030.11	24013.5
3030.74	23888
3031.36	24060.5
3031.99	24282.9
3032.61	23989.4
3033.23	23999.9
3033.86	23990.3
3034.48	23982.8
3035.1	23833.3
3035.73	24073.7
3036.35	23940.2
3036.97	23894.7
3037.6	24025.1
3038.22	24021.6
3038.84	24238.1
3039.46	24004.5
3040.08	23933
3040.71	24167.5
3041.33	23939.9
3041.95	23958.4
3042.57	24036.9
3043.19	23923.3
3043.81	23951.8
3044.43	24002.3
3045.05	23816.7
3045.67	23809.2
3046.29	24135.7
3046.91	23828.1
3047.53	23834.6
3048.15	23887.1
3048.77	24079.5
3049.39	24014
3050.01	24186.5
3050.63	24006.9
3051.25	24003.4
3051.87	23993.9
3052.49	23780.3
3053.1	23804.8
3053.72	24001.3
3054.34	24001.7
3054.96	23976.2
3055.57	23992.7
3056.19	24141.1
3056.81	23925.6
3057.43	23826.1
3058.04	23974.5
3058.66	24199
3059.28	23873.4
3059.89	23783.9
3060.51	23982.4
3061.13	23840.8
3061.74	23971.3
3062.36	23725.8
3062.97	24118.2
3063.59	23694.7
3064.2	23833.2
3064.82	23971.6
3065.43	23718.1
3066.05	23974.6
3066.66	23799
3067.28	23947.5
3067.89	23986
3068.51	23852.4
3069.12	23794.9
3069.73	23933.4
3070.35	23969.8
3070.96	23946.3
3071.57	24000.8
3072.19	24051.2
3072.8	24011.7
3073.41	23856.2
3074.02	23724.6
3074.64	23943.1
3075.25	23993.6
3075.86	23890
3076.47	23992.5
3077.08	24035
3077.69	23979.4
3078.31	24013.9
3078.92	23814.4
3079.53	23978.8
3080.14	24101.3
3080.75	23819.8
3081.36	23966.2
3081.97	24078.7
3082.58	23611.2
3083.19	23971.6
3083.8	23862.1
3084.41	23750.6
3085.02	23801
3085.63	23881.5
3086.24	23918
3086.84	23896.4
3087.45	24028.9
3088.06	23719.4
3088.67	23925.8
3089.28	23892.3
3089.89	23938.8
3090.49	23995.2
3091.1	23717.7
3091.71	23886.2
3092.32	23900.6
3092.92	23917.1
3093.53	24021.6
3094.14	23976
3094.74	24012.5
3095.35	23921
3095.96	23849.4
3096.56	23909.9
3097.17	24042.4
3097.77	24002.8
3098.38	23889.3
3098.99	24005.8
3099.59	23978.2
3100.2	23818.7
3100.8	24129.2
3101.4	23923.6
3102.01	23850.1
3102.61	23840.6
3103.22	23947
3103.82	23977.5
3104.43	23860
3105.03	23942.4
3105.63	23920.9
3106.24	24067.4
3106.84	24009.8
3107.44	23908.3
3108.05	23916.8
3108.65	23769.2
3109.25	23881.7
3109.85	23758.2
3110.45	23798.6
3111.06	23837.1
3111.66	23861.6
3112.26	24008
3112.86	23802.5
3113.46	23845
3114.06	23979.4
3114.66	23625.9
3115.26	23986.4
3115.86	24006.8
3116.47	24059.3
3117.07	23883.8
3117.67	23892.2
3118.27	24116.7
3118.87	24031.2
3119.46	24051.6
3120.06	24082.1
3120.66	23920.6
3121.26	23759
3121.86	24083.5
3122.46	23964
3123.06	23852.4
3123.66	23724.9
3124.26	24015.4
3124.85	23785.8
3125.45	23760.3
3126.05	23880.8
3126.64	23949.2
3127.24	23925.7
3127.84	23804.2
3128.44	23934.6
3129.03	23907.1
3129.63	23839.6
3130.23	24102
3130.82	23872.5
3131.42	23987
3132.01	24081.4
3132.61	24069.9
3133.2	24102.4
3133.8	24680.8
3134.4	24351.3
3134.99	24041.8
3135.59	23764.2
3136.18	23856.7
3136.78	23945.2
3137.37	23791.6
3137.96	23930.1
3138.56	23950.6
3139.15	23989
3139.74	23977.5
3140.34	24120
3140.93	24062.4
3141.52	23818.9
3142.12	23917.4
3142.71	23913.8
3143.3	24048.3
3143.9	23956.8
3144.49	23991.2
3145.08	24007.7
3145.67	24110.2
3146.26	23958.6
3146.85	24043.1
3147.45	23955.6
3148.04	24026
3148.63	23860.5
3149.22	24165
3149.81	23877.4
3150.4	23963.9
3150.99	23976.4
3151.58	24112.8
3152.17	24031.3
3152.76	23941.8
3153.35	24022.2
3153.94	24084.7
3154.53	24059.2
3155.12	24209.6
3155.71	24114.1
3156.29	24094.5
3156.88	23991
3157.47	23983.5
3158.06	24031.9
3158.65	24148.4
3159.24	24088.9
3159.82	24201.3
3160.41	24057.8
3161	24172.3
3161.59	24054.7
3162.17	23903.2
3162.76	23981.7
3163.35	23866.1
3163.93	24216.6
3164.52	24131.1
3165.1	24131.5
3165.69	24274
3166.28	24040.5
3166.86	23972.9
3167.45	24193.4
3168.03	24055.9
3168.62	24078.3
3169.2	24148.8
3169.79	24285.3
3170.37	24095.7
3170.96	24012.2
3171.54	24154.7
3172.12	24131.1
3172.71	23869.6
3173.29	24100.1
3173.88	24198.5
3174.46	24199
3175.04	24027.5
3175.63	24009.9
3176.21	23904.4
3176.79	24148.9
3177.37	24185.3
3177.96	23985.8
3178.54	23972.3
3179.12	24256.7
3179.7	24053.2
3180.28	24447.7
3180.86	24184.1
3181.45	24340.6
3182.03	24149.1
3182.61	24145.5
3183.19	24170
3183.77	24050.5
3184.35	24124.9
3184.93	24119.4
3185.51	24243.9
3186.09	23952.3
3186.67	24022.8
3187.25	23993.3
3187.83	24177.7
3188.41	24082.2
3188.99	24222.7
3189.56	24085.1
3190.14	24245.6
3190.72	24008.1
3191.3	23992.5
3191.88	24229
3192.46	24023.5
3193.03	24063.9
3193.61	24278.4
3194.19	24102.9
3194.77	24193.3
3195.34	24097.8
3195.92	24014.3
3196.5	24146.7
3197.07	24135.2
3197.65	24381.7
3198.23	24112.1
3198.8	24016.6
3199.38	24223.1
3199.95	24115.5
