52.0496	400
53.2157	484.005
54.3838	526.011
55.5496	582.016
56.7153	618.022
57.8808	722.027
59.0462	688.032
60.2114	676.038
61.3765	668.043
62.5415	634.049
63.7063	644.054
64.8709	672.059
66.0333	672.065
67.1977	660.07
68.3619	712.076
69.5239	680.081
70.6857	716.086
71.8495	698.092
73.011	686.097
74.1723	728.103
75.3357	696.108
76.4968	682.113
77.6577	706.119
78.8185	680.124
79.9791	724.13
81.1396	734.135
82.3	750.14
83.4581	700.146
84.6181	708.151
85.7781	728.157
86.9357	744.162
88.0954	776.167
89.2527	800.173
90.4121	822.178
91.5691	864.184
92.7282	908.189
93.885	904.194
95.0416	942.2
96.1981	994.205
97.3545	1094.21
98.5107	1192.22
99.6668	1300.22
100.823	1484.23
101.978	1728.23
103.132	1960.24
104.288	2294.24
105.443	2578.25
106.596	2848.25
107.751	3056.26
108.904	3078.26
110.059	3030.27
111.211	2752.28
112.363	2440.28
113.516	2104.29
114.668	1686.29
115.822	1370.3
116.974	1136.3
118.125	1010.31
119.275	934.313
120.426	818.319
121.577	802.324
122.728	776.329
123.877	698.335
125.028	662.34
126.177	638.346
127.327	590.351
128.475	634.356
129.626	568.362
130.774	568.367
131.921	546.373
133.069	562.378
134.217	534.383
135.364	542.389
136.511	530.394
137.658	548.4
138.805	570.405
139.952	506.41
141.097	544.416
142.243	494.421
143.39	496.427
144.534	488.432
145.68	462.437
146.824	478.443
147.968	506.448
149.114	458.454
150.257	472.459
151.4	486.464
152.543	476.47
153.687	444.475
154.829	456.481
155.972	432.486
157.115	460.491
158.255	446.497
159.397	424.502
160.54	448.508
161.68	444.513
162.822	456.518
163.961	452.524
165.103	464.529
166.242	446.535
167.381	468.54
168.521	464.545
169.662	480.551
170.8	502.556
171.939	480.562
173.078	480.567
174.214	526.573
175.352	536.578
176.49	534.583
177.628	568.589
178.764	586.594
179.902	626.599
181.037	652.605
182.175	666.61
183.31	700.616
184.447	738.621
185.582	802.627
186.717	872.632
187.851	920.637
188.986	950.643
190.12	1018.65
191.254	1080.65
192.388	1258.66
193.522	1330.66
194.654	1438.67
195.788	1586.68
196.921	1726.68
198.052	1942.69
199.186	2094.69
200.317	2344.7
201.448	2492.7
202.58	2710.71
203.711	2902.71
204.841	3086.72
205.972	3164.72
207.102	3236.73
208.232	3208.73
209.362	3056.74
210.492	2810.75
211.621	2646.75
212.749	2432.76
213.878	2218.76
215.005	1974.77
216.134	1756.77
217.261	1576.78
218.39	1404.78
219.516	1326.79
220.643	1158.79
221.769	1076.8
222.897	980.805
224.023	920.81
225.149	834.816
226.273	764.821
227.398	686.826
228.524	644.832
229.649	622.837
230.772	566.843
231.897	560.848
233.022	552.853
234.145	516.859
235.267	490.864
236.392	464.87
237.514	456.875
238.636	450.88
239.758	436.886
240.88	410.891
242.002	394.897
243.123	392.902
244.245	384.907
245.366	392.913
246.487	382.918
247.606	366.924
248.727	350.929
249.846	344.934
250.967	332.94
252.085	328.945
253.205	366.951
254.324	340.956
255.442	340.961
256.559	336.967
257.677	334.972
258.795	316.978
259.912	310.983
261.03	302.988
262.147	316.994
263.264	312.999
264.379	305.005
265.495	281.01
266.612	281.015
267.727	297.021
268.841	273.026
269.957	277.032
271.071	299.037
272.185	283.042
273.299	295.048
274.412	265.053
275.526	281.059
276.639	283.064
277.752	277.069
278.866	289.075
279.978	277.08
281.089	281.086
282.202	271.091
283.314	279.096
284.425	277.102
285.535	301.107
286.647	279.113
287.757	267.118
288.867	247.123
289.977	249.129
291.088	277.134
292.195	243.14
293.305	239.145
294.414	245.15
295.523	263.156
296.632	253.161
297.738	243.167
298.847	247.172
299.955	253.177
301.062	263.183
302.168	257.188
303.276	233.194
304.382	219.199
305.487	263.204
306.593	227.21
307.698	231.215
308.804	241.221
309.909	247.226
311.014	221.231
312.119	241.237
313.224	237.242
314.326	255.248
315.431	245.253
316.533	225.258
317.637	233.264
318.739	235.269
319.841	225.275
320.945	253.28
322.047	223.285
323.148	221.291
324.25	223.296
325.351	217.302
326.452	261.307
327.553	241.312
328.652	221.318
329.753	237.323
330.853	217.329
331.952	223.334
333.052	235.339
334.15	237.345
335.248	235.35
336.348	225.356
337.446	253.361
338.543	243.366
339.641	229.372
340.738	225.377
341.835	243.383
342.933	261.388
344.03	245.393
345.124	241.399
346.221	235.404
347.318	253.41
348.412	249.415
349.508	237.42
350.602	251.426
351.696	245.431
352.792	221.437
353.886	215.442
354.979	219.447
356.073	235.453
357.166	243.458
358.259	221.464
359.35	239.469
360.443	227.474
361.536	235.48
362.629	231.485
363.719	247.491
364.812	225.496
365.902	239.501
366.992	231.507
368.084	213.512
369.174	237.518
370.264	223.523
371.353	219.528
372.443	229.534
373.532	241.539
374.621	207.545
375.708	237.55
376.797	217.555
377.886	247.561
378.972	231.566
380.061	217.572
381.147	233.577
382.235	235.582
383.322	215.588
384.408	223.593
385.493	237.599
386.579	207.604
387.665	215.609
388.75	215.615
389.835	231.62
390.921	221.626
392.004	235.631
393.088	219.636
394.173	227.642
395.256	215.647
396.34	199.653
397.423	203.658
398.505	221.663
399.587	221.669
400.671	205.674
401.753	223.68
402.835	207.685
403.916	201.69
404.998	205.696
406.077	231.701
407.158	203.707
408.239	215.712
409.318	185.717
410.399	209.723
411.478	217.728
412.558	195.734
413.637	217.739
414.715	215.744
415.793	193.75
416.871	199.755
417.949	195.761
419.027	207.766
420.104	213.771
421.182	191.777
422.259	217.782
423.334	187.788
424.411	185.793
425.486	203.798
426.563	213.804
427.638	215.809
428.712	207.815
429.789	213.82
430.863	211.825
431.937	211.831
433.011	203.836
434.085	197.842
435.159	219.847
436.231	227.852
437.304	209.858
438.378	191.863
439.449	221.869
440.522	199.874
441.593	227.88
442.666	207.885
443.737	199.89
444.807	217.896
445.878	209.901
446.948	203.906
448.019	197.912
449.089	209.917
450.159	223.923
451.229	217.928
452.296	211.934
453.366	215.939
454.435	213.944
455.503	205.95
456.572	191.955
457.639	209.961
458.706	191.966
459.773	215.971
460.839	213.977
461.906	203.982
462.973	199.988
464.039	201.993
465.105	213.998
466.171	194.004
467.237	200.009
468.301	208.015
469.367	210.02
470.43	222.025
471.496	200.031
472.559	220.036
473.622	210.042
474.685	214.047
475.748	216.052
476.811	220.058
477.873	218.063
478.936	222.069
479.998	218.074
481.061	202.079
482.121	200.085
483.183	214.09
484.243	188.096
485.305	208.101
486.364	202.106
487.424	196.112
488.485	218.117
489.544	200.123
490.604	210.128
491.663	196.133
492.721	186.139
493.78	212.144
494.837	184.15
495.895	196.155
496.954	208.16
498.01	188.166
499.068	176.171
500.124	206.177
501.18	198.182
502.238	188.187
503.294	194.193
504.349	186.198
505.404	202.204
506.46	196.209
507.515	210.214
508.568	200.22
509.623	204.225
510.678	214.231
511.73	216.236
512.785	184.241
513.837	208.247
514.891	182.252
515.943	204.258
516.996	182.263
518.047	180.268
519.099	190.274
520.151	214.279
521.202	204.285
522.254	194.29
523.305	194.295
524.354	188.301
525.405	192.306
526.454	192.312
527.505	196.317
528.554	188.322
529.604	184.328
530.653	206.333
531.701	168.339
532.749	172.344
533.797	186.349
534.845	196.355
535.893	196.36
536.94	192.366
537.986	196.371
539.033	182.376
540.079	190.382
541.126	180.387
542.171	196.393
543.218	174.398
544.263	174.403
545.307	174.409
546.352	178.414
547.397	182.42
548.441	192.425
549.485	192.43
550.529	184.436
551.571	200.441
552.615	180.447
553.657	190.452
554.7	196.457
555.742	170.463
556.785	180.468
557.826	192.474
558.867	180.479
559.909	176.484
560.949	162.49
561.99	182.495
563.031	192.501
564.071	168.506
565.112	188.511
566.15	188.517
567.19	162.522
568.228	184.528
569.268	166.533
570.306	176.538
571.343	158.544
572.381	198.549
573.418	174.555
574.456	174.56
575.493	184.565
576.53	180.571
577.567	174.576
578.604	176.582
579.638	162.587
580.675	180.592
581.712	172.598
582.746	164.603
583.78	162.609
584.814	174.614
585.85	180.619
586.884	170.625
587.918	182.63
588.951	170.636
589.985	176.641
591.016	176.646
592.05	176.652
593.083	166.657
594.114	164.663
595.147	178.668
596.178	178.673
597.21	170.679
598.241	166.684
599.271	172.69
600.302	166.695
601.332	170.7
602.362	156.706
603.392	158.711
604.422	170.717
605.449	168.722
606.479	152.727
607.509	172.733
608.536	166.738
609.563	164.744
610.592	162.749
611.619	144.754
612.646	166.76
613.673	156.765
614.7	154.771
615.726	168.776
616.753	164.781
617.779	160.787
618.803	148.792
619.829	162.798
620.855	146.803
621.879	168.808
622.903	146.814
623.929	168.819
624.952	160.825
625.976	156.83
626.999	172.835
628.022	164.841
629.045	158.846
630.068	174.852
631.091	162.857
632.111	160.862
633.134	154.868
634.154	146.873
635.177	154.879
636.197	164.884
637.217	150.889
638.239	166.895
639.259	158.9
640.279	144.906
641.298	158.911
642.318	166.916
643.335	150.922
644.355	152.927
645.374	162.933
646.391	170.938
647.41	162.943
648.427	160.949
649.445	172.954
650.462	144.96
651.479	174.965
652.495	160.97
653.511	160.976
654.527	158.981
655.544	148.987
656.559	160.992
657.573	166.997
658.589	149.003
659.603	167.008
660.618	175.014
661.631	161.019
662.647	151.024
663.66	159.03
664.673	155.035
665.686	153.041
666.698	155.046
667.711	167.051
668.724	155.057
669.734	161.062
670.746	163.068
671.759	147.073
672.769	165.078
673.779	159.084
674.791	155.089
675.8	161.095
676.81	157.1
677.82	169.105
678.829	161.111
679.838	145.116
680.848	165.122
681.857	159.127
682.866	165.132
683.873	155.138
684.881	149.143
685.888	151.149
686.896	151.154
687.903	157.16
688.909	161.165
689.915	143.17
690.922	153.176
691.927	137.181
692.933	161.186
693.939	125.192
694.945	139.197
695.948	129.203
696.954	147.208
697.957	143.214
698.962	149.219
699.965	147.224
700.968	143.23
701.971	153.235
702.974	149.241
703.976	159.246
704.979	153.251
705.981	129.257
706.984	135.262
707.986	147.268
708.986	137.273
709.988	139.278
710.988	145.284
711.99	113.289
712.989	145.295
713.989	139.3
714.988	133.305
715.987	137.311
716.987	145.316
717.986	141.322
718.985	133.327
719.982	155.332
720.98	159.338
721.977	149.343
722.976	125.349
723.972	125.354
724.97	133.359
725.966	127.365
726.963	131.37
727.959	133.376
728.954	131.381
729.95	141.386
730.946	141.392
731.939	133.397
732.935	133.403
733.928	133.408
734.924	147.413
735.917	135.419
736.912	131.424
737.905	143.43
738.897	143.435
739.89	131.44
740.883	125.446
741.875	131.451
742.867	141.457
743.858	135.462
744.85	135.467
745.842	115.473
746.832	129.478
747.822	133.484
748.813	127.489
749.803	133.494
750.792	137.5
751.782	129.505
752.771	125.511
753.76	139.516
754.749	137.521
755.738	121.527
756.725	133.532
757.714	123.538
758.701	131.543
759.689	125.548
760.676	127.554
761.662	129.559
762.648	113.565
763.634	137.57
764.62	127.575
765.606	129.581
766.592	127.586
767.578	129.592
768.563	145.597
769.547	123.602
770.532	117.608
771.515	131.613
772.498	141.619
773.484	123.624
774.466	137.629
775.449	125.635
776.432	131.64
777.415	135.646
778.395	115.651
779.378	133.656
780.36	127.662
781.34	125.667
782.322	131.673
783.302	129.678
784.284	123.683
785.264	135.689
786.244	127.694
787.223	131.7
788.203	141.705
789.182	129.71
790.161	115.716
791.138	121.721
792.117	121.727
793.096	111.732
794.073	117.737
795.052	125.743
796.029	119.748
797.005	121.754
797.982	111.759
798.958	133.764
799.934	119.77
800.91	127.775
801.886	121.781
802.862	119.786
803.836	133.791
804.812	129.797
805.785	129.802
806.761	127.808
807.734	137.813
808.707	127.818
809.681	129.824
810.654	121.829
811.627	113.835
812.599	135.84
813.572	119.845
814.545	123.851
815.516	121.856
816.488	119.862
817.458	119.867
818.431	119.872
819.401	127.878
820.371	143.883
821.341	127.889
822.311	125.894
823.28	123.899
824.25	129.905
825.219	107.91
826.187	121.916
827.156	123.921
828.123	121.926
829.093	129.932
830.06	125.937
831.027	127.943
831.995	129.948
832.962	133.953
833.929	131.959
834.895	127.964
835.86	133.97
836.826	143.975
837.792	117.98
838.756	135.986
839.722	131.991
840.686	131.997
841.652	140.002
842.616	128.007
843.579	132.013
844.543	114.018
845.506	132.024
846.47	132.029
847.433	122.034
848.394	132.04
849.357	130.045
850.32	124.051
851.281	144.056
852.241	122.061
853.204	120.067
854.165	129.065
855.125	129.065
856.085	129.065
857.046	129.065
858.006	129.806
858.966	127.437
859.924	125.074
860.883	123.66
861.841	123.66
862.801	123.66
863.758	124.126
864.716	122.132
865.673	126.137
866.632	126.142
867.589	134.148
868.544	132.153
869.501	122.159
870.458	136.164
871.415	122.169
872.369	130.175
873.326	120.18
874.28	126.186
875.235	118.191
876.189	128.196
877.145	130.202
878.099	120.207
879.053	126.213
880.005	124.218
880.959	120.223
881.912	134.229
882.864	118.234
883.817	122.24
884.769	128.245
885.722	120.25
886.673	126.256
887.624	120.261
888.575	118.267
889.526	138.272
890.477	134.277
891.427	132.283
892.378	114.288
893.326	128.294
894.277	128.299
895.225	128.304
896.175	116.31
897.123	118.315
898.071	124.321
899.019	120.326
899.967	122.331
900.915	106.337
901.862	122.342
902.81	118.348
903.757	120.353
904.703	134.358
905.65	118.364
906.595	124.369
907.54	128.375
908.487	116.38
909.432	118.385
910.377	124.391
911.321	108.396
912.266	130.402
913.208	126.407
914.153	128.412
915.097	126.418
916.039	126.423
916.983	124.429
917.925	116.434
918.867	122.439
919.809	136.445
920.752	108.45
921.694	126.456
922.634	124.461
923.575	122.466
924.516	108.472
925.458	112.477
926.397	128.483
927.338	124.488
928.277	122.493
929.216	120.499
930.156	132.504
931.095	120.51
932.033	112.515
932.972	132.521
933.908	122.526
934.847	128.531
935.785	122.537
936.721	110.542
937.659	132.548
938.595	120.553
939.533	120.558
940.468	124.564
941.404	124.569
942.339	126.575
943.275	120.58
944.21	118.585
945.146	114.591
946.079	122.596
947.014	120.602
947.949	116.607
948.882	122.612
949.814	126.618
950.747	128.623
951.682	122.629
952.614	138.634
953.547	116.568
954.479	108.651
955.409	112.823
956.341	107.006
957.273	116.744
958.203	126.269
959.135	112.63
960.065	105.671
960.995	117.758
961.924	120.442
962.856	130.369
963.785	100.411
964.713	109.657
965.642	102.72
966.571	121.318
967.5	108.976
968.427	117.807
969.356	117.153
970.283	114.056
971.209	126.513
972.136	124.873
973.062	115.314
973.989	116.127
974.915	116.876
975.841	112.506
976.767	120.628
977.693	117.054
978.617	118.047
979.543	124.128
980.467	104.778
981.391	116.726
982.314	114.777
983.238	107.413
984.161	119.197
985.085	114.619
986.008	124.001
986.931	120.947
987.854	118.048
988.775	115.798
989.698	107.908
990.619	112.49
991.539	113.984
992.46	119.689
993.383	113.98
994.303	119.598
995.223	112.226
996.142	114.346
997.062	109.732
997.982	113.62
998.9	111.1
999.82	114.751
1000.74	118.555
1001.66	118.913
1002.57	105.611
1003.49	114.53
1004.41	111.406
1005.33	114.618
1006.24	114.384
1007.16	110.888
1008.08	115.115
1008.99	103.321
1009.91	114.224
1010.82	113.192
1011.74	111.712
1012.65	108.188
1013.57	111.991
1014.48	111.108
1015.4	111.595
1016.31	113.894
1017.22	104.427
1018.14	111.746
1019.05	108.247
1019.97	107.206
1020.88	110.308
1021.79	113.276
1022.7	115.118
1023.61	107.272
1024.53	105.719
1025.44	102.479
1026.35	109.491
1027.26	119.292
1028.17	117.469
1029.08	119.481
1029.99	113.497
1030.9	117.653
1031.81	115.629
1032.72	118.83
1033.63	101.564
1034.53	95.8636
1035.44	104.501
1036.35	108.001
1037.26	108.266
1038.17	115.31
1039.07	122.292
1039.98	110.441
1040.89	109.741
1041.79	105.881
1042.7	103.768
1043.6	105.709
1044.51	112.878
1045.41	109.706
1046.32	108.569
1047.23	110.675
1048.13	109.372
1049.03	105.682
1049.94	104.797
1050.84	107.349
1051.75	107.012
1052.65	106.605
1053.55	111.698
1054.45	89.6209
1055.36	109.905
1055.36	109.942
1056.33	103.952
1057.31	105.963
1058.28	97.9733
1059.25	107.984
1060.22	99.9944
1061.2	102.005
1062.17	100.016
1063.14	106.026
1064.11	110.037
1065.08	106.047
1066.06	108.058
1067.03	102.068
1068	112.079
1068.97	88.0895
1069.94	106.1
1070.91	112.111
1071.88	100.121
1072.85	120.132
1073.81	90.1423
1074.78	102.153
1075.75	94.1634
1076.72	96.174
1077.69	88.1845
1078.66	96.1951
1079.63	96.2056
1080.59	96.2162
1081.56	92.2268
1082.53	88.2373
1083.49	98.2479
1084.46	104.258
1085.43	102.269
1086.39	88.2796
1087.36	92.2901
1088.33	90.3007
1089.29	96.3113
1090.26	102.322
1091.22	96.3324
1092.19	98.3429
1093.15	102.354
1094.11	94.3641
1095.08	90.3746
1096.04	96.3852
1097.01	86.3958
1097.97	88.4063
1098.93	94.4169
1099.9	104.427
1100.86	96.438
1101.82	88.4486
1102.78	92.4591
1103.74	98.4697
1104.71	96.4802
1105.67	90.4908
1106.63	84.5014
1107.59	86.5119
1108.55	102.522
1109.51	90.5331
1110.47	100.544
1111.43	88.5542
1112.39	84.5647
1113.35	106.575
1114.31	90.5859
1115.27	88.5964
1116.23	90.607
1117.19	82.6175
1118.14	84.6281
1119.1	90.6387
1120.06	86.6492
1121.02	92.6598
1121.97	78.6704
1122.93	84.6809
1123.89	86.6915
1124.84	92.702
1125.8	94.7126
1126.76	88.7232
1127.71	88.7337
1128.67	80.7443
1129.63	90.7548
1130.58	90.7654
1131.54	92.776
1132.49	80.7865
1133.45	90.7971
1134.4	86.8077
1135.35	100.818
1136.31	84.8288
1137.26	92.8393
1138.21	76.8499
1139.17	82.8605
1140.12	90.871
1141.07	96.8816
1142.03	96.8921
1142.98	82.9027
1143.93	82.9133
1144.88	80.9238
1145.83	82.9344
1146.78	84.945
1147.73	84.9555
1148.68	86.9661
1149.63	96.9766
1150.59	86.9872
1151.54	94.9978
1152.49	89.0083
1153.44	83.0189
1154.39	85.0294
1155.33	95.04
1156.28	75.0506
1157.23	83.0611
1158.18	93.0717
1159.13	95.0823
1160.07	87.0928
1161.02	85.1034
1161.97	89.1139
1162.92	87.1245
1163.86	85.1351
1164.81	73.1456
1165.76	87.1562
1166.7	79.1667
1167.65	77.1773
1168.59	81.1879
1169.54	89.1984
1170.48	91.209
1171.43	81.2196
1172.37	85.2301
1173.32	85.2407
1174.26	93.2512
1175.21	91.2618
1176.15	79.2724
1177.1	75.2829
1178.04	93.2935
1178.98	87.304
1179.93	89.3146
1180.87	77.3252
1181.81	77.3357
1182.75	83.3463
1183.69	87.3568
1184.63	85.3674
1185.58	85.378
1186.52	89.3885
1187.46	91.3991
1188.4	85.4097
1189.34	93.4202
1190.28	83.4308
1191.22	91.4413
1192.16	85.4519
1193.1	77.4625
1194.04	95.473
1194.98	89.4836
1195.92	89.4941
1196.86	83.5047
1197.79	87.5153
1198.73	85.5258
1199.67	83.5364
1200.61	83.547
1201.54	79.5575
1202.48	81.5681
1203.42	83.5786
1204.35	83.5892
1205.29	89.5998
1206.23	83.6103
1207.16	93.6209
1208.1	87.6314
1209.04	81.642
1209.97	85.6526
1210.91	81.6631
1211.84	89.6737
1212.77	81.6842
1213.71	85.6948
1214.64	91.7054
1215.58	91.7159
1216.51	91.7265
1217.44	85.7371
1218.38	91.7476
1219.31	87.7582
1220.24	83.7687
1221.17	81.7793
1222.11	81.7899
1223.04	89.8004
1223.97	89.811
1224.9	81.8215
1225.83	93.8321
1226.76	75.8427
1227.69	91.8532
1228.62	79.8638
1229.55	83.8744
1230.48	91.8849
1231.41	77.8955
1232.34	93.906
1233.27	83.9166
1234.2	87.9272
1235.13	89.9377
1236.06	89.9483
1236.99	81.9588
1237.92	93.9694
1238.84	93.98
1239.77	93.9905
1240.7	94.0011
1241.63	84.0117
1242.55	92.0222
1243.48	94.0328
1244.41	82.0433
1245.33	88.0539
1246.26	90.0645
1247.18	88.075
1248.11	86.0856
1249.03	94.0961
1249.96	82.1067
1250.89	92.1173
1251.81	88.1278
1252.73	86.1384
1253.66	96.149
1254.58	78.1595
1255.5	84.1701
1256.43	90.1806
1257.35	86.1912
1258.27	80.2018
1259.2	98.2123
1260.12	96.2229
1261.04	90.2334
1261.96	84.244
1262.88	90.2546
1263.81	94.2651
1264.73	90.2757
1265.65	98.2863
1266.57	82.2968
1267.49	96.3074
1268.41	100.318
1269.33	88.3285
1270.25	98.3391
1271.17	86.3496
1272.09	82.3602
1273.01	96.3707
1273.93	94.3813
1274.84	96.3919
1275.76	98.4024
1276.68	100.413
1277.6	82.4236
1278.52	82.4341
1279.43	92.4447
1280.35	100.455
1281.27	90.4658
1282.18	90.4764
1283.1	106.487
1284.02	98.4975
1284.93	96.508
1285.85	106.519
1286.76	104.529
1287.68	88.5397
1288.59	84.5503
1289.51	96.5609
1290.42	86.5714
1291.34	110.582
1292.25	108.593
1293.17	100.603
1294.08	94.6137
1294.99	94.6242
1295.91	102.635
1296.82	106.645
1297.73	94.6559
1298.64	106.666
1299.55	92.677
1300.47	116.688
1301.38	106.698
1302.29	104.709
1303.2	114.719
1304.11	88.7298
1305.02	118.74
1305.93	132.751
1306.84	116.762
1307.75	114.772
1308.66	116.783
1309.57	100.793
1310.48	118.804
1311.39	122.814
1312.3	126.825
1313.21	128.835
1314.11	134.846
1315.02	122.857
1315.93	118.867
1316.84	116.878
1317.75	120.888
1318.65	130.899
1319.56	130.909
1320.46	132.92
1321.37	140.93
1322.28	116.941
1323.19	146.952
1324.09	146.962
1325	138.973
1325.9	140.983
1326.81	142.994
1327.71	153.004
1328.62	143.015
1329.52	149.026
1330.42	159.036
1331.33	159.047
1332.23	177.057
1333.13	167.068
1334.04	189.078
1334.94	183.089
1335.84	173.099
1336.74	179.11
1337.65	161.121
1338.55	173.131
1339.45	187.142
1340.35	185.152
1341.25	187.163
1342.15	193.173
1343.05	181.184
1343.95	183.195
1344.85	189.205
1345.75	187.216
1346.65	193.226
1347.55	189.237
1348.45	199.247
1349.35	183.258
1350.25	197.268
1351.15	205.279
1352.05	179.29
1352.94	185.3
1353.84	187.311
1354.74	197.321
1355.64	191.332
1356.53	165.342
1357.43	169.353
1358.33	157.364
1359.22	149.374
1360.12	159.385
1361.01	161.395
1361.91	155.406
1362.81	173.416
1363.7	173.427
1364.6	161.437
1365.49	153.448
1366.39	143.459
1367.28	143.469
1368.17	137.48
1369.07	131.49
1369.96	145.501
1370.85	129.511
1371.75	143.522
1372.64	135.533
1373.53	129.543
1374.42	127.554
1375.32	121.564
1376.21	129.575
1377.1	135.585
1377.99	125.596
1378.88	125.606
1379.77	113.617
1380.66	117.628
1381.55	103.638
1382.44	119.649
1383.33	117.659
1384.22	101.67
1385.11	121.68
1386	105.691
1386.89	105.701
1387.78	97.7121
1388.67	95.7226
1389.55	107.733
1390.44	105.744
1391.33	101.754
1392.22	103.765
1393.1	97.7754
1393.99	99.786
1394.88	105.797
1395.77	103.807
1396.65	95.8177
1397.54	95.8282
1398.42	117.839
1399.31	109.849
1400.19	101.86
1401.08	97.8705
1401.96	89.881
1402.85	99.8916
1403.73	105.902
1404.62	93.9127
1405.5	97.9233
1406.38	89.9338
1407.27	107.944
1408.15	93.955
1409.03	103.966
1409.92	95.9761
1410.8	93.9867
1411.68	89.9972
1412.56	98.0078
1413.44	92.0183
1414.33	92.0289
1415.21	88.0395
1416.09	102.05
1416.97	82.0606
1417.85	86.0711
1418.73	104.082
1419.61	96.0923
1420.49	82.1028
1421.37	84.1134
1422.25	84.124
1423.13	94.1345
1424.01	98.1451
1424.89	100.156
1425.76	86.1662
1426.64	86.1768
1427.52	88.1873
1428.4	96.1979
1429.28	96.2084
1430.15	92.219
1431.03	92.2296
1431.91	90.2401
1432.78	94.2507
1433.66	88.2613
1434.54	96.2718
1435.41	90.2824
1436.29	82.2929
1437.16	100.303
1438.04	82.3141
1438.91	90.3246
1439.79	88.3352
1440.66	86.3457
1441.53	92.3563
1442.41	90.3669
1443.28	92.3774
1444.15	90.388
1445.03	80.3986
1445.9	82.4091
1446.77	88.4197
1447.65	86.4302
1448.52	92.4408
1449.39	86.4514
1450.26	86.4619
1451.13	96.4725
1452	82.483
1452.88	80.4936
1453.75	86.5042
1454.62	80.5147
1455.49	82.5253
1456.36	96.5359
1457.23	88.5464
1458.1	88.557
1458.97	100.568
1459.83	92.5781
1460.7	82.5887
1461.57	94.5992
1462.44	98.6098
1463.31	80.6203
1464.18	90.6309
1465.04	94.6415
1465.91	76.652
1466.78	86.6626
1467.64	98.6731
1468.51	98.6837
1469.38	90.6943
1470.24	102.705
1471.11	74.7154
1471.98	98.726
1472.84	84.7365
1473.71	90.7471
1474.57	92.7576
1475.44	80.7682
1476.3	90.7788
1477.16	86.7893
1478.03	94.7999
1478.89	84.8104
1479.76	80.821
1480.62	86.8316
1481.48	92.8421
1482.35	96.8527
1483.21	92.8633
1484.07	88.8738
1484.93	90.8844
1485.79	90.8949
1486.66	88.9055
1487.52	88.9161
1488.38	78.9266
1489.24	86.9372
1490.1	84.9477
1490.96	90.9583
1491.82	90.9689
1492.68	84.9794
1493.54	84.99
1494.4	89.0005
1495.26	87.0111
1496.12	97.0217
1496.98	95.0322
1497.83	83.0428
1498.69	91.0534
1499.55	77.0639
1500.41	95.0745
1501.27	83.085
1502.12	93.0956
1502.98	99.1062
1503.84	83.1167
1504.69	89.1273
1505.55	101.138
1506.41	85.1484
1507.26	87.159
1508.12	77.1695
1508.97	93.1801
1509.83	87.1907
1510.68	93.2012
1511.54	97.2118
1512.39	99.2223
1513.25	93.2329
1514.1	99.2435
1514.96	93.254
1515.81	93.2646
1516.66	91.2751
1517.52	93.2857
1518.37	91.2963
1519.22	93.3068
1520.07	91.3174
1520.92	99.328
1521.78	93.3385
1522.63	97.3491
1523.48	97.3596
1524.33	93.3702
1525.18	101.381
1526.03	97.3913
1526.88	89.4019
1527.73	89.4124
1528.58	103.423
1529.43	103.434
1530.28	91.4441
1531.13	103.455
1531.98	99.4653
1532.83	99.4758
1533.68	99.4864
1534.52	97.4969
1535.37	107.508
1536.22	109.518
1537.07	101.529
1537.91	103.539
1538.76	103.55
1539.61	105.56
1540.45	103.571
1541.3	97.5814
1542.15	91.592
1542.99	109.603
1543.84	117.613
1544.68	115.624
1545.53	111.634
1546.37	111.645
1547.22	119.655
1548.06	97.6659
1548.91	111.676
1549.75	107.687
1550.6	129.698
1551.44	117.708
1552.28	119.719
1553.12	107.729
1553.97	141.74
1554.81	123.75
1555.65	131.761
1556.49	135.772
1557.34	117.782
1558.18	129.793
1559.02	137.803
1559.86	135.814
1560.7	129.824
1561.54	145.835
1562.38	125.845
1563.22	151.856
1564.06	153.867
1564.9	151.877
1565.74	137.888
1566.58	157.898
1567.42	173.909
1568.26	171.919
1569.1	189.93
1569.93	173.941
1570.77	179.951
1571.61	193.962
1572.45	197.972
1573.28	191.983
1574.12	193.993
1574.96	202.004
1575.79	208.014
1576.63	200.025
1577.47	192.036
1578.3	216.046
1579.14	210.057
1579.97	216.067
1580.81	200.078
1581.64	230.088
1582.48	210.099
1583.31	204.109
1584.15	216.12
1584.98	206.131
1585.81	210.141
1586.64	218.152
1587.48	208.162
1588.31	188.173
1589.14	190.183
1589.98	198.194
1590.81	178.205
1591.64	188.215
1592.47	176.226
1593.3	178.236
1594.14	188.247
1594.97	154.257
1595.8	164.268
1596.63	170.278
1597.46	162.289
1598.29	152.3
1599.12	150.31
1599.95	154.321
1600.78	156.331
1601.6	142.342
1602.43	136.352
1603.26	134.363
1604.09	140.374
1604.92	134.384
1605.75	148.395
1606.57	140.405
1607.4	138.416
1608.23	126.426
1609.06	134.437
1609.88	130.447
1610.71	136.458
1611.53	126.469
1612.36	138.479
1613.19	128.49
1614.01	130.5
1614.84	146.511
1615.66	132.521
1616.49	132.532
1617.31	140.543
1618.14	132.553
1618.96	130.564
1619.78	142.574
1620.61	126.585
1621.43	120.595
1622.25	118.606
1623.08	122.616
1623.9	114.627
1624.72	126.638
1625.54	116.648
1626.37	114.659
1627.19	110.669
1628.01	128.68
1628.83	120.69
1629.65	120.701
1630.47	114.712
1631.29	96.7221
1632.11	102.733
1632.93	102.743
1633.75	92.7538
1634.57	102.764
1635.39	92.7749
1636.21	94.7854
1637.03	92.796
1637.85	98.8066
1638.66	86.8171
1639.48	104.828
1640.3	94.8382
1641.12	102.849
1641.94	78.8594
1642.75	96.8699
1643.57	98.8805
1644.39	78.8911
1645.2	94.9016
1646.02	84.9122
1646.83	88.9227
1647.65	88.9333
1648.47	88.9439
1649.28	90.9544
1650.1	78.965
1650.91	92.9755
1651.72	86.9861
1652.54	80.9967
1653.35	89.0072
1654.17	87.0178
1654.98	81.0284
1655.79	89.0389
1656.61	81.0495
1657.42	81.06
1658.23	87.0706
1659.04	85.0812
1659.86	85.0917
1660.67	75.1023
1661.48	73.1128
1662.29	87.1234
1663.1	79.134
1663.91	81.1445
1664.72	79.1551
1665.54	83.1656
1666.34	75.1762
1667.16	79.1868
1667.96	83.1973
1668.77	69.2079
1669.58	93.2185
1670.39	93.229
1671.2	87.2396
1672.01	77.2501
1672.82	71.2607
1673.63	79.2713
1674.43	81.2818
1675.24	77.2924
1676.05	77.3029
1676.85	79.3135
1677.66	85.3241
1678.47	79.3346
1679.28	85.3452
1680.08	75.3558
1680.89	85.3663
1681.69	85.3769
1682.5	77.3874
1683.3	83.398
1684.11	85.4086
1684.91	85.4191
1685.72	79.4297
1686.52	87.4402
1687.32	79.4508
1688.13	83.4614
1688.93	75.4719
1689.74	75.4825
1690.54	87.4931
1691.34	79.5036
1692.14	71.5142
1692.95	87.5247
1693.75	83.5353
1694.55	95.5459
1695.35	79.5564
1696.15	87.567
1696.95	97.5775
1697.76	69.5881
1698.55	85.5987
1699.36	77.6092
1700.16	77.6198
1700.95	89.6304
1701.76	81.6409
1702.55	81.6515
1703.35	79.662
1704.15	89.6726
1704.95	79.6832
1705.75	83.6937
1706.55	77.7043
1707.35	77.7148
1708.14	89.7254
1708.94	73.736
1709.74	89.7465
1710.54	83.7571
1711.33	91.7677
1712.13	81.7782
1712.93	83.7888
1713.72	77.7993
1714.52	91.8099
1715.31	79.8205
1716.11	73.831
1716.9	83.8416
1717.7	77.8521
1718.49	79.8627
1719.29	83.8733
1720.08	75.8838
1720.88	93.8944
1721.67	83.905
1722.46	85.9155
1723.26	81.9261
1724.05	85.9366
1724.84	77.9606
1725.63	72.0807
1726.43	81.8342
1727.22	82.3205
1728.01	91.4957
1728.8	79.9699
1729.59	80.3361
1730.38	90.1331
1731.17	84.4474
1731.97	89.7655
1732.76	78.377
1733.54	79.2773
1734.34	81.5353
1735.13	79.126
1735.91	80.0488
1736.7	88.39
1737.49	78.0894
1738.28	87.6447
1739.07	93.45
1739.86	75.1252
1740.65	79.1128
1741.43	83.3808
1742.22	84.2979
1743.01	82.6077
1743.79	73.4899
1744.58	79.5924
1745.37	76.6004
1746.15	91.1416
1746.94	81.7432
1747.73	79.8475
1748.51	85.7049
1749.3	69.2098
1750.08	77.8036
1750.87	93.5924
1751.65	75.0385
1752.44	73.9679
1753.22	78.2471
1754	89.5044
1754.79	81.8682
1755.57	74.2799
1756.35	86.4446
1757.14	84.5657
1757.92	85.4359
1758.7	81.7483
1759.48	80.606
1760.27	82.5382
1761.05	86.6439
1761.83	82.0701
1762.61	75.2504
1763.39	84.4632
1764.17	78.7463
1764.95	82.8438
1765.73	84.4199
1766.51	80.2793
1767.29	80.4274
1768.07	80.4957
1768.85	79.8877
1769.63	77.3912
1770.41	89.4633
1771.19	76.5874
1771.97	79.6284
1772.75	86.0716
1773.52	84.015
1774.3	79.1207
1775.08	80.0354
1775.86	80.0027
1776.63	83.9245
1777.41	80.7098
1778.18	80.8636
1778.96	78.7914
1779.74	79.0007
1780.51	82.0178
1781.29	85.1879
1782.06	83.6225
1782.84	77.0588
1783.61	80.7275
1784.39	88.3084
1785.16	84.0134
1785.94	82.2074
1786.71	85.2662
1787.48	90.1098
1788.26	86.8031
1789.03	83.7343
1789.8	81.7782
1790.58	82.1276
1791.35	83.8361
1792.12	80.9514
1792.89	85.8462
1793.67	84.1689
1794.44	90.0438
1795.21	83.1481
1795.98	79.998
1796.75	83.6761
1797.52	77.8966
1798.29	81.6488
1799.06	86.0565
1799.83	85.6565
1800.6	87.8933
1801.37	87.0656
1802.14	77.2866
1802.91	90.6638
1803.68	82.449
1804.44	87.3064
1805.21	86.2488
1805.98	81.6459
1806.75	75.6563
1807.52	78.501
1808.28	82.3608
1809.05	78.9545
1809.82	73.8136
1810.36	72.4575
1811.2	94.4717
1812.04	84.4859
1812.87	80.5002
1813.71	90.5144
1814.55	84.5286
1815.38	76.5429
1816.22	92.5571
1817.06	80.5714
1817.89	85.8275
1818.73	85.8275
1819.56	85.8275
1820.4	85.8275
1821.23	85.8275
1822.07	85.8275
1822.9	85.8275
1823.74	85.8275
1824.57	85.8275
1825.41	85.8275
1826.24	85.8275
1827.07	85.8275
1827.91	85.8275
1828.74	85.8275
1829.57	85.8275
1830.41	85.8275
1831.24	85.8275
1832.07	86.8277
1832.9	86.8419
1833.73	72.8562
1834.57	88.8704
1835.4	76.8847
1836.23	90.8989
1837.06	94.9131
1837.89	82.9274
1838.72	90.9416
1839.55	78.9559
1840.38	84.9701
1841.21	76.9843
1842.04	84.9986
1842.87	77.0128
1843.7	77.0271
1844.53	83.0413
1845.36	75.0555
1846.19	71.0698
1847.02	83.084
1847.85	85.0983
1848.67	79.1125
1849.5	83.1267
1850.33	85.141
1851.16	81.1552
1851.98	81.1695
1852.81	79.1837
1853.64	89.1979
1854.46	79.2122
1855.29	73.2264
1856.12	75.2407
1856.94	87.2549
1857.77	83.2691
1858.59	83.2834
1859.42	81.2976
1860.24	71.3119
1861.07	87.3261
1861.9	99.3403
1862.72	87.3546
1863.54	81.3688
1864.37	69.3831
1865.19	73.3973
1866.02	81.4115
1866.84	69.4258
1867.66	79.44
1868.49	83.4543
1869.31	79.4685
1870.13	85.4827
1870.95	87.497
1871.78	77.5112
1872.6	77.5255
1873.42	83.5397
1874.24	77.5539
1875.06	81.5682
1875.88	85.5824
1876.71	73.5967
1877.53	73.6109
1878.35	81.6251
1879.17	87.6394
1879.99	77.6536
1880.81	85.6679
1881.63	93.6821
1882.45	75.6964
1883.27	67.7106
1884.08	73.7248
1884.9	85.7391
1885.72	75.7533
1886.54	89.7675
1887.36	83.7818
1888.18	81.796
1889	97.8103
1889.81	79.8245
1890.63	89.8387
1891.45	75.853
1892.27	83.8672
1893.08	83.8815
1893.9	85.8957
1894.71	75.9099
1895.53	87.9242
1896.35	75.9384
1897.16	79.9527
1897.98	85.9669
1898.79	75.9811
1899.61	85.9954
1900.42	88.0096
1901.24	92.0239
1902.05	82.0381
1902.87	78.0523
1903.68	80.0666
1904.5	72.0808
1905.31	78.0951
1906.12	82.1093
1906.94	82.1236
1907.75	78.1378
1908.56	76.152
1909.37	84.1663
1910.19	92.1805
1911	80.1947
1911.81	64.209
1912.62	74.2232
1913.43	78.2375
1914.24	80.2517
1915.06	86.266
1915.87	88.2802
1916.68	74.2944
1917.49	78.3087
1918.3	80.3229
1919.11	86.3371
1919.92	82.3514
1920.73	92.3656
1921.54	80.3799
1922.35	76.3941
1923.15	92.4083
1923.96	80.4226
1924.77	80.4368
1925.58	82.4511
1926.39	104.465
1927.2	70.4796
1928	82.4938
1928.81	82.508
1929.62	86.5223
1930.43	82.5365
1931.23	78.5508
1932.04	92.565
1932.85	86.5792
1933.65	72.5935
1934.46	78.6077
1935.26	92.622
1936.07	70.6362
1936.88	90.6504
1937.68	84.6647
1938.49	98.6789
1939.29	70.6932
1940.1	80.7074
1940.9	84.7216
1941.7	84.7359
1942.51	96.7501
1943.31	96.7644
1944.11	86.7786
1944.92	94.7928
1945.72	82.8071
1946.52	74.8213
1947.33	88.8356
1948.13	84.8498
1948.93	78.864
1949.73	86.8783
1950.54	82.8925
1951.34	74.9068
1952.14	88.921
1952.94	74.9352
1953.74	82.9495
1954.54	74.9637
1955.34	94.978
1956.14	74.9922
1956.94	87.0064
1957.74	85.0207
1958.54	83.0349
1959.34	83.0492
1960.14	89.0634
1960.94	77.0776
1961.74	73.0919
1962.54	85.1061
1963.34	89.1204
1964.14	89.1346
1964.93	83.1488
1965.73	79.1631
1966.53	79.1773
1967.33	85.1916
1968.12	83.2058
1968.92	87.22
1969.72	77.2343
1970.51	81.2485
1971.31	89.2628
1972.11	77.277
1972.9	95.2912
1973.7	77.3055
1974.49	85.3197
1975.29	83.334
1976.08	71.3482
1976.88	77.3624
1977.67	85.3767
1978.47	85.3909
1979.26	77.4052
1980.05	83.4194
1980.85	73.4336
1981.64	93.4479
1982.44	89.4621
1983.23	79.4764
1984.02	83.4906
1984.81	85.5048
1985.61	89.5191
1986.4	77.5333
1987.19	85.5476
1987.98	85.5618
1988.77	87.576
1989.57	85.5903
1990.36	81.6045
1991.15	91.6188
1991.94	85.633
1992.73	87.6472
1993.52	81.6615
1994.31	73.6757
1995.1	93.69
1995.89	73.7042
1996.68	85.7184
1997.47	79.7327
1998.26	97.7469
1999.05	79.7612
1999.84	87.7754
2000.62	83.7896
2001.41	81.8039
2002.2	91.8181
2002.99	83.8324
2003.78	91.8466
2004.56	83.8608
2005.35	103.875
2006.14	83.8893
2006.92	85.9036
2007.71	83.9178
2008.5	85.932
2009.28	83.9463
2010.07	99.9605
2010.86	91.9748
2011.64	91.989
2012.43	98.0033
2013.21	80.0175
2014	74.0317
2014.78	90.046
2015.57	100.06
2016.35	76.0744
2017.13	98.0887
2017.92	90.1029
2018.7	80.1172
2019.49	96.1314
2020.27	82.1457
2021.05	84.1599
2021.83	88.1741
2022.62	72.1884
2023.4	78.2026
2024.18	84.2169
2024.96	86.2311
2025.75	78.2453
2026.53	82.2596
2027.31	68.2738
2028.09	92.2881
2028.87	86.3023
2029.65	80.3165
2030.43	88.3308
2031.21	96.345
2031.99	98.3592
2032.77	82.3735
2033.55	90.3877
2034.33	80.402
2035.11	90.4162
2035.89	80.4305
2036.67	86.4447
2037.45	98.4589
2038.23	82.4732
2039	84.4874
2039.78	86.5016
2040.56	92.5159
2041.34	96.5301
2042.11	94.5444
2042.89	80.5586
2043.67	84.5729
2044.44	90.5871
2045.22	86.6013
2046	92.6156
2046.77	72.6298
2047.55	92.6441
2048.32	76.6583
2049.1	84.6725
2049.87	72.6868
2050.65	86.701
2051.42	92.7153
2052.2	78.7295
2052.97	86.7437
2053.75	90.758
2054.52	84.7722
2055.29	74.7865
2056.07	84.8007
2056.84	82.8149
2057.61	72.8292
2058.39	86.8434
2059.16	78.8577
2059.93	76.8719
2060.7	80.8861
2061.48	80.9004
2062.25	80.9146
2063.02	92.9289
2063.79	96.9431
2064.56	88.9573
2065.33	78.9716
2066.1	84.9858
2066.87	89.0001
2067.64	91.0143
2068.41	93.0285
2069.18	79.0428
2069.95	83.057
2070.72	85.0713
2071.49	77.0855
2072.26	83.0997
2073.03	83.114
2073.8	79.1282
2074.57	85.1425
2075.34	85.1567
2076.1	93.1709
2076.87	79.1852
2077.64	87.1994
2078.41	89.2137
2079.17	83.2279
2079.94	85.2421
2080.71	91.2564
2081.47	77.2706
2082.24	91.2849
2083.01	93.2991
2083.77	87.3133
2084.54	87.3276
2085.3	91.3418
2086.07	83.3561
2086.83	89.3703
2087.6	81.3845
2088.36	81.3988
2089.13	85.413
2089.89	87.4273
2090.65	87.4415
2091.42	87.4557
2092.18	91.47
2092.95	91.4842
2093.71	93.4985
2094.47	83.5127
2095.23	93.5269
2096	87.5412
2096.76	83.5554
2097.52	95.5697
2098.28	87.5839
2099.04	87.5981
2099.8	97.6124
2100.57	87.6266
2101.33	93.6409
2102.09	81.6551
2102.85	77.6693
2103.61	75.6836
2104.37	83.6978
2105.13	89.7121
2105.89	91.7263
2106.65	101.741
2107.41	81.7548
2108.17	79.769
2108.92	91.7833
2109.68	89.7975
2110.44	85.8117
2111.2	77.826
2111.96	95.8402
2112.72	95.8545
2113.47	81.8687
2114.23	87.8829
2114.99	89.8972
2115.75	91.9114
2116.5	91.9257
2117.26	77.9399
2118.01	83.9541
2118.77	75.9684
2119.53	87.9826
2120.28	93.9969
2121.04	94.0111
2121.79	102.025
2122.55	78.0396
2123.3	102.054
2124.06	88.0681
2124.81	70.0823
2125.57	82.0965
2126.32	86.1108
2127.07	98.125
2127.83	88.1393
2128.58	96.1535
2129.33	82.1677
2130.09	82.182
2130.84	78.1962
2131.59	92.2105
2132.34	94.2247
2133.1	72.239
2133.85	88.2532
2134.6	88.2674
2135.35	90.2817
2136.1	78.2959
2136.85	92.3101
2137.6	84.3244
2138.35	84.3386
2139.1	88.3529
2139.85	70.3671
2140.6	84.3813
2141.35	90.3956
2142.1	70.4098
2142.85	86.4241
2143.6	94.4383
2144.35	86.4526
2145.1	90.4668
2145.85	74.481
2146.59	78.4953
2147.34	70.5095
2148.09	90.5238
2148.84	76.538
2149.59	78.5522
2150.33	92.5665
2151.08	88.5807
2151.83	96.595
2152.57	78.6092
2153.32	90.6234
2154.07	80.6377
2154.81	90.6519
2155.56	76.6662
2156.3	90.6804
2157.05	88.6946
2157.79	92.7089
2158.54	72.7231
2159.28	86.7374
2160.03	90.7516
2160.77	80.7658
2161.51	90.7801
2162.26	92.7943
2163	82.8086
2163.74	92.8228
2164.49	86.837
2165.23	88.8513
2165.97	86.8655
2166.72	96.8798
2167.46	86.894
2168.2	82.9082
2168.94	86.9225
2169.68	80.9367
2170.42	76.951
2171.17	88.9652
2171.91	80.9794
2172.65	90.9937
2173.39	89.0079
2174.13	93.0222
2174.87	91.0364
2175.61	95.0506
2176.35	105.065
2177.09	95.0791
2177.83	91.0934
2178.56	89.1076
2179.3	93.1218
2180.04	83.1361
2180.78	87.1503
2181.52	79.1646
2182.26	85.1788
2182.99	87.193
2183.73	87.2073
2184.47	87.2215
2185.21	85.2358
2185.94	87.25
2186.68	101.264
2187.42	85.2785
2188.15	87.2927
2188.89	91.307
2189.63	77.3212
2190.36	79.3354
2191.1	85.3497
2191.83	87.3639
2192.57	89.3782
2193.3	89.3924
2194.04	77.4066
2194.77	83.4209
2195.5	85.4351
2196.24	87.4494
2196.97	83.4636
2197.7	87.4778
2198.44	97.4921
2199.17	73.5063
2199.9	87.5206
2200.64	83.5348
2201.37	81.549
2202.1	81.5633
2202.83	81.5775
2203.57	85.5918
2204.3	89.606
2205.03	81.6202
2205.76	91.6345
2206.49	83.6487
2207.22	81.663
2207.95	81.6772
2208.68	77.6914
2209.41	91.7057
2210.14	79.7199
2210.87	101.734
2211.6	73.7484
2212.33	89.7626
2213.06	87.7769
2213.79	83.7911
2214.52	89.8054
2215.25	105.82
2215.97	99.8338
2216.7	87.8481
2217.43	89.8623
2218.16	75.8766
2218.88	67.8908
2219.61	87.905
2220.34	87.9193
2221.06	79.9335
2221.79	83.9478
2222.52	111.962
2223.24	89.9762
2223.97	93.9905
2224.69	90.0047
2225.42	86.019
2226.14	90.0332
2226.87	94.0474
2227.59	84.0617
2228.32	82.0759
2229.04	92.0902
2229.77	82.1044
2230.49	82.1187
2231.21	92.1329
2231.94	88.1471
2232.66	88.1614
2233.38	84.1756
2234.11	88.1898
2234.83	82.2041
2235.55	92.2183
2236.27	86.2326
2237	86.2468
2237.72	90.261
2238.44	90.2753
2239.16	94.2895
2239.88	80.3038
2240.6	90.318
2241.32	86.3322
2242.04	80.3465
2242.76	80.3607
2243.48	88.375
2244.2	90.3892
2244.92	94.4035
2245.64	78.4177
2246.36	86.4319
2247.08	108.446
2247.8	80.4604
2248.52	92.4746
2249.24	84.4889
2249.95	84.5031
2250.67	84.5174
2251.39	94.5316
2252.11	78.5459
2252.83	98.5601
2253.54	94.5743
2254.26	84.5886
2254.98	100.603
2255.69	88.6171
2256.41	80.6313
2257.12	76.6455
2257.84	86.6598
2258.56	96.674
2259.27	78.6883
2259.99	98.7025
2260.7	94.7167
2261.42	88.731
2262.13	94.7452
2262.85	90.7595
2263.56	92.7737
2264.27	86.7879
2264.99	74.8022
2265.7	94.8164
2266.41	92.8307
2267.13	94.8449
2267.84	94.8591
2268.55	80.8734
2269.26	94.8876
2269.98	88.9019
2270.69	82.9161
2271.4	92.9303
2272.11	90.9446
2272.82	86.9588
2273.53	88.9731
2274.24	88.9873
2274.95	83.0015
2275.67	91.0158
2276.38	83.03
2277.09	89.0443
2277.8	77.0585
2278.5	93.0727
2279.22	87.087
2279.92	87.1012
2280.63	97.1155
2281.34	85.1297
2282.05	89.1439
2282.76	85.1582
2283.47	85.1724
2284.17	95.1867
2284.88	83.2009
2285.59	89.2151
2286.3	91.2294
2287	91.2436
2287.71	91.2579
2288.42	93.2721
2289.12	87.2863
2289.83	91.3006
2290.54	93.3148
2291.24	91.3291
2291.95	91.3433
2292.65	93.3575
2293.36	95.3718
2294.06	79.386
2294.77	81.4003
2295.47	87.4145
2296.18	97.4287
2296.88	85.443
2297.58	85.4572
2298.29	87.4715
2298.99	89.4857
2299.69	87.4999
2300.4	93.5142
2301.1	89.5284
2301.8	91.5427
2302.5	89.5569
2303.21	89.5711
2303.91	97.5854
2304.61	87.5996
2305.31	91.6139
2306.01	89.6281
2306.71	89.6423
2307.41	95.6566
2308.11	81.6708
2308.81	89.6851
2309.51	89.6993
2310.22	85.7135
2310.92	77.7278
2311.61	97.742
2312.31	77.7563
2313.01	97.7705
2313.71	89.7847
2314.41	101.799
2315.11	81.8132
2315.81	87.8275
2316.5	91.8417
2317.2	75.8559
2317.9	85.8702
2318.6	93.8844
2319.29	85.8987
2319.99	93.9129
2320.69	95.9271
2321.38	89.9414
2322.08	85.9556
2322.78	85.9699
2323.47	87.9841
2324.17	89.9983
2324.86	78.0126
2325.56	92.0268
2326.26	96.0411
2326.95	98.0553
2327.65	108.07
2328.34	88.0838
2329.03	102.098
2329.73	106.112
2330.42	94.1265
2331.11	92.1407
2331.81	98.155
2332.5	84.1692
2333.2	90.1835
2333.89	88.1977
2334.58	82.212
2335.27	88.2262
2335.96	86.2404
2336.66	94.2547
2337.35	96.2689
2338.04	88.2831
2338.73	84.2974
2339.42	100.312
2340.11	82.3259
2340.8	108.34
2341.49	88.3543
2342.18	80.3686
2342.87	84.3828
2343.56	88.3971
2344.25	86.4113
2344.94	104.426
2345.63	86.4398
2346.32	100.454
2347.01	94.4683
2347.7	80.4825
2348.38	78.4967
2349.07	84.511
2349.76	88.5252
2350.45	88.5395
2351.14	80.5537
2351.82	88.568
2352.51	90.5822
2353.2	94.5964
2353.88	92.6107
2354.57	104.625
2355.25	92.6392
2355.94	90.6534
2356.63	94.6676
2357.31	90.6819
2358	98.6961
2358.68	92.7104
2359.37	90.7246
2360.05	96.7388
2360.74	88.7531
2361.42	82.7673
2362.1	84.7816
2362.79	90.7958
2363.47	84.81
2364.16	92.8243
2364.84	86.8385
2365.52	84.8528
2366.2	92.867
2366.89	98.8812
2367.57	82.8955
2368.25	96.9097
2368.93	88.924
2369.61	96.9382
2370.29	86.9524
2370.98	70.9667
2371.66	80.9809
2372.34	88.9952
2373.02	101.009
2373.7	97.0236
2374.38	95.0379
2375.06	97.0521
2375.74	95.0664
2376.42	91.0806
2377.1	91.0948
2377.78	85.1091
2378.46	99.1233
2379.13	89.1376
2379.81	89.1518
2380.49	83.166
2381.17	91.1803
2381.85	93.1945
2382.52	91.2088
2383.2	93.223
2383.88	91.2372
2384.55	83.2515
2385.23	85.2657
2385.91	93.28
2386.58	97.2942
2387.26	105.308
2387.94	91.3227
2388.61	99.3369
2389.29	83.3512
2389.96	83.3654
2390.64	91.3796
2391.31	89.3939
2391.99	93.4081
2392.66	95.4224
2393.33	87.4366
2394.01	85.4508
2394.68	81.4651
2395.36	93.4793
2396.03	97.4936
2396.7	91.5303
2397.38	101.389
2398.05	83.7432
2398.72	83.2895
2399.39	86.0198
2400.06	93.5606
2400.74	93.3243
2401.41	85.6457
2402.08	83.8919
2402.75	79.0901
2403.42	87.0607
2404.09	97.3955
2404.76	107.04
2405.43	92.0096
2406.1	94.5461
2406.77	90.1038
2407.44	92.2408
2408.11	97.0057
2408.78	90.7033
2409.45	87.7754
2410.12	89.0448
2410.79	89.9234
2411.46	91.5206
2412.12	85.0668
2412.79	99.339
2413.46	89.5622
2414.13	95.2494
2414.79	90.4889
2415.46	93.7155
2416.13	91.5331
2416.8	94.1506
2417.46	92.2394
2418.13	94.5656
2418.79	98.1468
2419.46	95.3986
2420.13	87.3142
2420.79	88.9395
2421.46	96.9226
2422.12	89.9262
2422.79	94.2876
2423.45	87.9952
2424.11	95.0563
2424.78	102.041
2425.44	102.041
2426.11	102.041
2426.77	102.041
2427.43	102.041
2428.09	102.041
2428.76	102.041
2429.42	102.041
2430.08	102.041
2430.75	102.041
2431.41	102.041
2432.07	102.041
2432.73	102.041
2433.39	102.041
2434.05	91.119
2434.71	93.2396
2435.37	106.024
2436.04	86.9251
2436.7	91.8593
2437.35	96.4054
2438.01	91.1868
2438.67	91.8072
2439.33	94.6796
2439.99	99.3385
2440.65	101.055
2441.31	87.9038
2441.97	81.4637
2442.63	88.2492
2443.29	91.8646
2443.94	98.4965
2444.6	97.0965
2445.26	95.7219
2445.92	92.8652
2446.57	87.7128
2447.23	88.0941
2447.89	97.8961
2448.54	96.2428
2449.2	103.145
2449.86	103.987
2450.51	91.1109
2451.17	96.6093
2451.82	97.3132
2452.48	92.0023
2453.13	91.1637
2453.79	94.7712
2454.44	99.5707
2455.09	93.5999
2455.75	88.7567
2456.4	104.62
2457.06	110.928
2457.71	101.434
2458.36	99.2996
2458.69	102.002
2459.41	84.0112
2460.14	96.0202
2460.86	98.0292
2461.58	88.0383
2462.31	112.047
2463.03	92.0563
2463.76	92.0653
2464.48	76.0744
2465.2	86.0834
2465.93	102.092
2466.65	92.1014
2467.37	90.1105
2468.1	90.1195
2468.82	94.1285
2469.54	84.1376
2470.26	98.1466
2470.98	96.1556
2471.71	94.1646
2472.43	94.1737
2473.15	92.1827
2473.87	94.1917
2474.59	86.2007
2475.31	88.2098
2476.03	102.219
2476.75	76.2278
2477.47	88.2369
2478.19	90.2459
2478.91	90.2549
2479.63	94.2639
2480.35	90.273
2481.07	94.282
2481.79	98.291
2482.51	94.3
2483.23	88.3091
2483.95	92.3181
2484.67	76.3271
2485.38	90.3362
2486.1	94.3452
2486.82	98.3542
2487.54	94.3632
2488.25	98.3723
2488.97	80.3813
2489.69	100.39
2490.41	98.3993
2491.12	94.4084
2491.84	104.417
2492.55	86.4264
2493.27	92.4354
2493.99	104.444
2494.7	84.4535
2495.42	90.4625
2496.13	92.4716
2496.85	88.4806
2497.56	90.4896
2498.28	88.4986
2498.99	94.5077
2499.71	96.5167
2500.42	82.5257
2501.14	90.5347
2501.85	98.5438
2502.56	88.5528
2503.28	82.5618
2503.99	82.5709
2504.7	98.5799
2505.42	94.5889
2506.13	90.5979
2506.84	86.607
2507.55	90.616
2508.27	88.625
2508.98	98.634
2509.69	88.6431
2510.4	90.6521
2511.11	94.6611
2511.82	84.6701
2512.53	88.6792
2513.24	78.6882
2513.96	94.6972
2514.67	86.7063
2515.38	96.7153
2516.09	96.7243
2516.8	78.7333
2517.51	86.7424
2518.22	100.751
2518.92	92.7604
2519.63	96.7694
2520.34	90.7785
2521.05	80.7875
2521.76	90.7965
2522.47	92.8055
2523.18	98.8146
2523.88	92.8236
2524.59	90.8326
2525.3	88.8417
2526.01	86.8507
2526.71	98.8597
2527.42	96.8687
2528.13	82.8778
2528.84	84.8868
2529.54	90.8958
2530.25	86.9048
2530.95	90.9139
2531.66	102.923
2532.37	86.9319
2533.07	90.941
2533.78	92.95
2534.48	88.959
2535.19	90.968
2535.89	102.977
2536.6	96.9861
2537.3	104.995
2538	99.0041
2538.71	91.0132
2539.41	99.0222
2540.12	91.0312
2540.82	101.04
2541.52	95.0493
2542.23	107.058
2542.93	85.0673
2543.63	93.0764
2544.34	95.0854
2545.04	85.0944
2545.74	89.1034
2546.44	93.1125
2547.14	87.1215
2547.84	99.1305
2548.55	99.1395
2549.25	95.1486
2549.95	95.1576
2550.65	93.1666
2551.35	89.1757
2552.05	91.1847
2552.75	91.1937
2553.45	87.2027
2554.15	81.2118
2554.85	69.2208
2555.55	97.2298
2556.25	91.2388
2556.95	99.2479
2557.65	109.257
2558.35	91.2659
2559.04	85.2749
2559.74	89.284
2560.44	79.293
2561.14	85.302
2561.84	91.3111
2562.53	89.3201
2563.23	89.3291
2563.93	89.3381
2564.63	107.347
2565.32	89.3562
2566.02	101.365
2566.72	97.3742
2567.41	99.3833
2568.11	93.3923
2568.8	87.4013
2569.5	87.4104
2570.2	95.4194
2570.89	101.428
2571.59	91.4374
2572.28	105.446
2572.98	91.4555
2573.67	91.2322
2574.37	91.2322
2575.06	91.2322
2575.75	91.2322
2576.45	91.2322
2577.14	91.2322
2577.83	91.2322
2578.53	91.2322
2579.22	91.2322
2579.91	91.2322
2580.61	87.5548
2581.3	83.5638
2581.99	103.573
2582.68	97.5819
2583.38	87.5909
2584.07	107.6
2584.76	103.609
2585.45	93.618
2586.14	101.627
2586.83	101.636
2587.52	89.6451
2588.21	89.6541
2588.9	93.6631
2589.59	103.672
2590.28	101.681
2590.97	101.69
2591.66	105.699
2592.35	99.7082
2593.04	87.7173
2593.73	89.7263
2594.42	89.7353
2595.11	91.7443
2595.8	81.7534
2596.49	105.762
2597.17	89.7714
2597.86	93.7805
2598.55	85.7895
2599.24	93.7985
2599.93	99.8075
2600.61	85.8166
2601.3	91.8256
2601.99	103.835
2602.67	87.8436
2603.36	99.8527
2604.05	107.862
2604.73	91.8707
2605.42	99.8798
2606.1	93.8888
2606.79	91.8978
2607.47	97.9068
2608.16	87.9159
2608.84	111.925
2609.53	103.934
2610.21	105.943
2610.9	91.952
2611.58	101.961
2612.27	99.97
2612.95	105.979
2613.63	107.988
2614.32	105.997
2615	94.0061
2615.68	92.0152
2616.37	104.024
2617.05	98.0332
2617.73	108.042
2618.41	102.051
2619.1	100.06
2619.78	84.0693
2620.46	110.078
2621.14	106.087
2621.82	106.096
2622.5	96.1054
2623.18	100.114
2623.86	114.123
2624.54	110.133
2625.23	88.1415
2625.91	100.151
2626.59	114.16
2627.27	98.1686
2627.95	88.1776
2628.63	112.187
2629.3	102.196
2629.98	102.205
2630.66	102.214
2631.34	94.2228
2632.02	108.232
2632.7	102.241
2633.37	108.25
2634.05	100.259
2634.73	114.268
2635.41	104.277
2636.09	106.286
2636.76	102.295
2637.44	106.304
2638.12	120.313
2638.79	118.322
2639.47	98.3311
2640.15	116.34
2640.82	106.349
2641.5	102.358
2642.17	118.367
2642.85	118.376
2643.52	114.385
2644.2	108.394
2644.87	122.403
2645.55	124.412
2646.22	114.421
2646.9	114.43
2647.57	108.439
2648.25	120.448
2648.92	112.457
2649.59	120.466
2650.27	118.476
2650.94	124.485
2651.61	106.494
2652.28	132.503
2652.96	110.512
2653.63	130.521
2654.3	114.53
2654.97	128.539
2655.65	116.548
2656.32	126.557
2656.99	126.566
2657.66	112.575
2658.33	138.584
2659	112.593
2659.67	124.602
2660.34	136.611
2661.01	128.62
2661.68	146.629
2662.35	126.638
2663.02	130.647
2663.69	138.656
2664.36	144.665
2665.03	126.674
2665.7	122.683
2666.37	130.692
2667.04	138.701
2667.71	134.71
2668.37	144.719
2669.04	116.728
2669.71	144.737
2670.38	126.746
2671.05	134.755
2671.71	144.764
2672.38	140.773
2673.05	152.782
2673.71	128.791
2674.38	154.8
2675.04	136.81
2675.71	136.819
2676.38	150.828
2677.04	140.837
2677.71	140.846
2678.37	146.855
2679.04	140.864
2679.7	144.873
2680.37	154.882
2681.03	152.891
2681.7	162.9
2682.36	158.909
2683.03	162.918
2683.69	164.927
2684.35	158.936
2685.02	158.945
2685.68	148.954
2686.34	168.963
2687.01	152.972
2687.67	158.981
2688.33	168.99
2688.99	172.999
2689.65	155.008
2690.32	167.017
2690.98	169.026
2691.64	167.035
2692.3	175.044
2692.96	189.053
2693.62	181.062
2694.28	169.071
2694.95	181.08
2695.61	183.089
2696.27	187.098
2696.93	187.107
2697.59	185.116
2698.24	169.125
2698.9	167.134
2699.56	185.144
2700.22	163.153
2700.88	179.162
2701.54	165.171
2702.2	165.18
2702.86	181.189
2703.52	165.198
2704.17	171.207
2704.83	177.216
2705.49	175.225
2706.15	173.234
2706.8	175.243
2707.46	169.252
2708.12	157.261
2708.77	157.27
2709.43	161.279
2710.08	161.288
2710.74	171.297
2711.4	159.306
2712.05	163.315
2712.71	145.324
2713.36	141.333
2714.02	165.342
2714.67	157.351
2715.33	153.36
2715.98	145.369
2716.64	157.378
2717.29	157.387
2717.94	145.396
2718.6	157.405
2719.25	155.414
2719.9	145.423
2720.56	151.432
2721.21	125.441
2721.86	137.45
2722.52	145.459
2723.17	127.468
2723.82	139.478
2724.47	149.487
2725.12	151.496
2725.78	141.505
2726.43	149.514
2727.08	129.523
2727.73	129.532
2728.38	127.541
2729.03	121.55
2729.68	137.559
2730.33	127.568
2730.98	125.577
2731.63	125.586
2732.28	137.595
2732.93	119.604
2733.58	125.613
2734.23	107.622
2734.88	121.631
2735.53	121.64
2736.18	111.649
2736.82	105.658
2737.47	117.667
2738.12	115.676
2738.77	119.685
2739.41	135.694
2740.06	115.703
2740.71	127.712
2741.36	117.721
2742	107.73
2742.65	125.739
2743.3	107.748
2743.94	115.757
2744.59	119.766
2745.23	111.775
2745.88	107.784
2746.52	113.793
2747.17	103.802
2747.81	115.812
2748.46	105.821
2749.1	113.83
2749.75	99.8386
2750.39	129.848
2751.04	113.857
2751.68	95.8657
2752.32	115.875
2752.97	101.884
2753.61	105.893
2754.25	103.902
2754.9	97.9108
2755.54	105.92
2756.18	101.929
2756.83	103.938
2757.47	121.947
2758.11	107.956
2758.75	101.965
2759.39	105.974
2760.03	99.983
2760.68	107.992
2761.32	98.0011
2761.96	94.0101
2762.6	104.019
2763.24	108.028
2763.88	108.037
2764.52	96.0462
2765.16	96.0552
2765.8	102.064
2766.44	104.073
2767.08	98.0823
2767.72	106.091
2768.36	88.1004
2768.99	108.109
2769.63	102.118
2770.27	96.1275
2770.91	108.136
2771.55	108.146
2772.18	94.1545
2772.82	94.1636
2773.46	96.1726
2774.1	96.1816
2774.73	98.1906
2775.37	100.2
2776.01	92.2087
2776.64	92.2177
2777.28	98.2498
2777.92	100.282
2778.55	102.314
2779.19	88.3462
2779.82	110.378
2780.46	102.41
2781.09	90.4426
2781.73	94.4747
2782.36	102.507
2783	100.539
2783.63	110.571
2784.27	102.603
2784.9	106.635
2785.53	96.6675
2786.17	86.6996
2786.8	98.7317
2787.43	106.764
2788.07	104.796
2788.7	98.8281
2789.33	92.8602
2789.96	102.892
2790.6	102.924
2791.23	106.957
2791.86	102.989
2792.49	101.021
2793.12	103.053
2793.75	103.085
2794.38	101.117
2795.02	93.1493
2795.65	91.1815
2796.28	99.2136
2796.91	107.246
2797.54	93.2778
2798.17	95.31
2798.8	89.3421
2799.43	91.3742
2800.06	89.4063
2800.68	103.438
2801.31	105.471
2801.94	91.5027
2802.57	87.5348
2803.2	101.567
2803.83	95.5991
2804.45	93.6312
2805.08	99.6633
2805.71	79.6955
2806.34	95.7276
2806.97	99.7597
2807.59	95.7918
2808.22	103.824
2808.85	101.856
2809.47	93.8882
2810.1	103.92
2810.72	105.952
2811.35	97.9846
2811.98	104.017
2812.6	104.049
2813.23	82.081
2813.85	90.1131
2814.48	102.145
2815.1	92.1773
2815.73	98.2094
2816.35	90.2416
2816.97	100.274
2817.6	106.306
2818.22	106.338
2818.84	100.37
2819.47	104.402
2820.09	86.4343
2820.72	76.4665
2821.34	84.4986
2821.96	82.5307
2822.58	90.5628
2823.2	102.595
2823.83	88.6271
2824.45	108.659
2825.07	96.6913
2825.69	82.7234
2826.31	98.7556
2826.93	90.7877
2827.55	84.8198
2828.18	104.852
2828.8	100.884
2829.42	100.916
2830.04	86.9483
2830.66	92.9804
2831.28	109.013
2831.9	105.045
2832.51	91.0768
2833.13	95.1089
2833.75	109.141
2834.37	95.1732
2834.99	97.2053
2835.61	101.237
2836.23	91.2696
2836.84	93.3017
2837.46	99.3338
2838.08	89.3659
2838.7	99.3981
2839.31	99.4302
2839.93	99.4623
2840.55	97.4944
2841.17	91.5266
2841.78	91.5587
2842.4	91.5908
2843.01	99.6229
2843.63	105.655
2844.24	111.687
2844.86	97.7193
2845.48	99.7514
2846.09	99.7836
2846.7	103.816
2847.32	91.8478
2847.93	97.8799
2848.55	95.9121
2849.16	97.9442
2849.78	105.976
2850.39	102.008
2851	92.0406
2851.62	94.0727
2852.23	96.1048
2852.84	104.137
2853.46	102.169
2854.07	90.2012
2854.68	100.233
2855.29	88.2654
2855.9	100.298
2856.52	110.33
2857.13	110.362
2857.74	98.3939
2858.35	102.426
2858.96	96.4582
2859.57	96.4903
2860.18	104.522
2860.79	88.5546
2861.4	96.5867
2862.01	100.619
2862.62	108.651
2863.23	82.6831
2863.84	102.715
2864.45	94.7473
2865.06	104.779
2865.67	108.812
2866.28	102.844
2866.89	92.8758
2867.5	102.908
2868.1	100.94
2868.71	92.9722
2869.32	107.004
2869.93	97.0364
2870.53	89.0685
2871.14	99.1007
2871.75	103.133
2872.36	97.1649
2872.96	99.197
2873.57	99.2292
2874.18	109.261
2874.78	103.293
2875.39	93.3255
2875.99	99.3577
2876.6	99.3898
2877.2	105.422
2877.81	109.454
2878.41	107.486
2879.02	107.518
2879.62	83.5504
2880.23	99.5825
2880.83	107.615
2881.43	101.647
2882.04	97.6789
2882.64	97.711
2883.24	99.7432
2883.85	101.775
2884.45	103.807
2885.05	97.8395
2885.66	87.8717
2886.26	89.9038
2886.86	97.9359
2887.46	97.968
2888.06	94.0002
2888.67	94.0323
2889.27	90.0644
2889.87	104.097
2890.47	102.129
2891.07	104.161
2891.67	92.1929
2892.27	112.225
2892.87	98.2572
2893.47	112.289
2894.07	94.3214
2894.67	106.354
2895.27	104.386
2895.87	106.418
2896.47	108.45
2897.07	114.482
2897.67	94.5142
2898.26	108.546
2898.86	98.5784
2899.46	96.6105
2900.06	104.643
2900.66	100.675
2901.25	104.707
2901.85	106.739
2902.45	116.771
2903.04	110.803
2903.64	110.835
2904.24	98.8675
2904.83	96.8997
2905.43	98.9318
2906.03	96.9639
2906.62	96.996
2907.22	117.028
2907.81	95.0603
2908.41	109.092
2909	105.125
2909.6	101.157
2910.19	113.189
2910.79	111.221
2911.38	99.253
2911.97	105.285
2912.57	113.317
2913.16	103.349
2913.76	97.3815
2914.35	107.414
2914.94	107.446
2915.53	99.4779
2916.13	103.51
2916.72	99.5421
2917.31	105.574
2917.91	101.606
2918.5	105.639
2919.09	93.6706
2919.68	109.703
2920.27	103.735
2920.86	105.767
2921.45	111.799
2922.04	109.831
2922.63	103.863
2923.22	111.896
2923.81	101.928
2924.4	109.96
2924.99	115.992
2925.58	110.024
2926.17	94.0561
2926.76	118.088
2927.35	102.12
2927.94	106.153
2928.53	112.185
2929.12	108.217
2929.71	108.249
2930.29	106.281
2930.88	120.313
2931.47	94.3453
2932.06	102.377
2932.64	100.41
2933.23	114.442
2933.82	98.4738
2934.4	104.506
2934.99	106.538
2935.58	94.5701
2936.16	110.602
2936.75	106.634
2937.34	108.667
2937.92	108.699
2938.51	102.731
2939.09	100.763
2939.68	96.795
2940.26	112.827
2940.85	114.859
2941.43	108.891
2942.01	108.924
2942.6	112.956
2943.18	102.988
2943.77	117.02
2944.35	107.052
2944.93	93.0841
2945.51	107.116
2946.1	97.1484
2946.68	99.1805
2947.26	119.213
2947.85	125.245
2948.43	111.277
2949.01	93.309
2949.59	111.341
2950.17	103.373
2950.75	97.4054
2951.33	109.438
2951.91	109.47
2952.5	101.502
2953.08	123.444
2953.66	119.356
2954.24	111.384
2954.82	105.532
2955.4	119.235
2955.98	103.727
2956.56	105.63
2957.13	108.787
2957.71	114.709
2958.29	110.882
2958.87	101.908
2959.45	102.774
2960.03	104.425
2960.6	97.9338
2961.18	100.821
2961.76	99.96
2962.34	106.175
2962.91	106.312
2963.49	106.492
2964.07	114.004
2964.65	104.922
2965.22	94.9792
2965.8	107.258
2966.37	109.475
2966.95	105.208
2967.52	114.32
2968.1	107.636
2968.68	100.842
2969.25	103.394
2969.83	109.801
2970.4	103.078
2970.98	101.183
2971.55	106.362
2972.12	114.906
2972.7	114.61
2973.27	106.447
2973.84	105.965
2974.42	101.31
2974.99	100.094
2975.56	92.9088
2976.14	99.2598
2976.71	103.213
2977.28	97.3527
2977.85	107.364
2978.43	100.363
2979	97.2762
2979.57	106.954
2980.14	100.682
2980.71	108.923
2981.28	95.2291
2981.85	95.6933
2982.42	98.6156
2982.99	105.387
2983.57	97.3618
2984.14	97.5528
2984.7	102.839
2985.28	90.9321
2985.84	96.5986
2986.41	98.1848
2986.98	105.948
2987.55	106.992
2988.12	97.2955
2988.69	96.2742
2989.26	97.4307
2989.83	96.4037
2990.39	92.0272
2990.96	97.5171
2991.53	104.308
2992.1	94.3813
2992.66	95.5225
2993.23	92.8556
2993.8	101.475
2994.36	95.9188
2994.93	89.751
2995.5	87.6334
2996.06	104.392
2996.63	97.7611
2997.19	92.8816
2997.76	95.8197
2998.32	97.1834
2998.89	95.8484
2999.45	93.6585
3000.02	92.867
3000.58	101.742
3001.15	97.7626
3001.71	95.5142
3002.28	101.317
3002.84	96.6755
3003.4	93.0354
3003.97	96.9984
3004.53	99.9144
3005.09	97.8622
3005.65	91.2355
3006.22	100.443
3006.78	93.9088
3007.34	96.8242
3007.9	99.7293
3008.46	98.8726
3009.03	98.864
3009.59	96.4784
3010.15	94.8584
3010.71	101.876
3011.27	97.4785
3011.83	98.8037
3012.39	92.0346
3012.95	95.5718
3013.51	98.1721
3014.07	107.446
3014.63	107.446
3015.19	107.446
3015.75	107.446
3016.31	107.446
3016.87	107.446
3017.42	107.446
3017.98	107.446
3018.54	107.446
3019.1	107.446
3019.66	107.446
3020.22	107.446
3020.77	107.446
3021.33	96.6368
3021.89	96.6368
3022.44	96.6368
3023	96.6368
3023.56	96.6368
3024.11	96.6368
3024.67	96.6368
3025.23	96.6368
3025.78	83.7738
3026.36	89.3205
3026.99	111.344
3027.61	87.3666
3028.24	99.3896
3028.86	93.4127
3029.49	93.4357
3030.11	103.459
3030.74	87.4818
3031.36	101.505
3031.99	95.5278
3032.61	103.551
3033.23	105.574
3033.86	95.5969
3034.48	101.62
3035.1	87.643
3035.73	99.666
3036.35	97.689
3036.97	83.7121
3037.6	95.7351
3038.22	81.7581
3038.84	85.7812
3039.46	81.8042
3040.08	85.8272
3040.71	97.8503
3041.33	93.8733
3041.95	93.8963
3042.57	85.9194
3043.19	87.9424
3043.81	93.9654
3044.43	99.9885
3045.05	102.012
3045.67	98.0345
3046.29	100.058
3046.91	102.081
3047.53	106.104
3048.15	108.127
3048.77	94.1497
3049.39	106.173
3050.01	100.196
3050.63	94.2188
3051.25	90.2418
3051.87	92.2649
3052.49	94.2879
3053.1	92.3109
3053.72	80.334
3054.34	90.357
3054.96	104.38
3055.57	92.4031
3056.19	88.4261
3056.81	86.4491
3057.43	100.472
3058.04	90.4952
3058.66	96.5182
3059.28	86.5413
3059.89	92.5643
3060.51	80.5873
3061.13	106.61
3061.74	90.6334
3062.36	96.6564
3062.97	98.6795
3063.59	110.702
3064.2	86.7255
3064.82	90.7486
3065.43	106.772
3066.05	104.795
3066.66	94.8176
3067.28	104.841
3067.89	94.8637
3068.51	106.887
3069.12	90.9098
3069.73	92.9328
3070.35	90.9558
3070.96	90.9789
3071.57	101.002
3072.19	103.025
3072.8	97.048
3073.41	99.071
3074.02	91.094
3074.64	95.1171
3075.25	93.1401
3075.86	107.163
3076.47	105.186
3077.08	97.2092
3077.69	87.2322
3078.31	87.2553
3078.92	95.2783
3079.53	91.3013
3080.14	89.3244
3080.75	101.347
3081.36	77.3704
3081.97	89.3935
3082.58	107.417
3083.19	99.4395
3083.8	89.4626
3084.41	91.4856
3085.02	93.5086
3085.63	95.5317
3086.24	85.5547
3086.84	107.578
3087.45	83.6008
3088.06	89.6238
3088.67	95.6468
3089.28	83.6699
3089.89	87.6929
3090.49	99.7159
3091.1	83.739
3091.71	89.762
3092.32	99.785
3092.92	81.8081
3093.53	93.8311
3094.14	95.8541
3094.74	89.8772
3095.35	95.9002
3095.96	103.923
3096.56	93.9463
3097.17	97.9693
3097.77	103.992
3098.38	98.0154
3098.99	94.0384
3099.59	102.061
3100.2	96.0844
3100.8	90.1075
3101.4	108.131
3102.01	108.154
3102.61	108.177
3103.22	104.2
3103.82	86.2226
3104.43	90.2457
3105.03	90.2687
3105.63	94.2917
3106.24	88.3148
3106.84	78.3378
3107.44	104.361
3108.05	84.3839
3108.65	90.4069
3109.25	80.4299
3109.85	100.453
3110.45	84.476
3111.06	90.499
3111.66	82.5221
3112.26	98.5451
3112.86	102.568
3113.46	92.5912
3114.06	98.6142
3114.66	86.6372
3115.26	96.6603
3115.86	86.6833
3116.47	94.7063
3117.07	98.7294
3117.67	88.7524
3118.27	88.7754
3118.87	90.7985
3119.46	84.8215
3120.06	106.845
3120.66	94.8676
3121.26	104.891
3121.86	94.9136
3122.46	102.937
3123.06	94.9597
3123.66	88.9827
3124.26	97.0058
3124.85	89.0288
3125.45	85.0518
3126.05	103.075
3126.64	99.0979
3127.24	87.1209
3127.84	83.144
3128.44	85.167
3129.03	103.19
3129.63	99.2131
3130.23	107.236
3130.82	75.2591
3131.42	109.282
3132.01	99.3052
3132.61	99.3282
3133.2	95.3512
3133.8	99.3743
3134.4	97.3973
3134.99	99.4203
3135.59	87.4434
3136.18	99.4664
3136.78	87.4894
3137.37	93.5125
3137.96	97.5355
3138.56	95.5585
3139.15	93.5816
3139.74	101.605
3140.34	95.6276
3140.93	95.6507
3141.52	85.6737
3142.12	83.6967
3142.71	97.7198
3143.3	87.7428
3143.9	93.7658
3144.49	101.789
3145.08	91.8119
3145.67	83.8349
3146.26	97.858
3146.85	93.881
3147.45	99.904
3148.04	91.9271
3148.63	93.9501
3149.22	95.9731
3149.81	95.9962
3150.4	94.0192
3150.99	92.0422
3151.58	88.0653
3152.17	100.088
3152.76	98.1113
3153.35	94.1344
3153.94	92.1574
3154.53	100.18
3155.12	90.2035
3155.71	108.226
3156.29	98.2495
3156.88	102.273
3157.47	104.296
3158.06	102.319
3158.65	108.342
3159.24	86.3647
3159.82	98.3877
3160.41	94.4107
3161	104.434
3161.59	96.4568
3162.17	104.48
3162.76	94.5029
3163.35	102.526
3163.93	102.549
3164.52	100.572
3165.1	110.595
3165.69	94.618
3166.28	90.6411
3166.86	96.6641
3167.45	104.687
3168.03	102.71
3168.62	90.7332
3169.2	96.7562
3169.79	94.7793
3170.37	88.8023
3170.96	102.825
3171.54	90.8484
3172.12	96.8714
3172.71	106.894
3173.29	90.9175
3173.88	96.9405
3174.46	96.9635
3175.04	94.9866
3175.63	101.01
3176.21	101.033
3176.79	95.0557
3177.37	95.0787
3177.96	107.102
3178.54	101.125
3179.12	97.1478
3179.7	93.1708
3180.28	103.194
3180.86	89.2169
3181.45	93.2399
3182.03	101.263
3182.61	83.286
3183.19	91.309
3183.77	105.332
3184.35	103.355
3184.93	91.3781
3185.51	93.4012
3186.09	95.4242
3186.67	103.447
3187.25	85.4702
3187.83	97.4933
3188.41	101.516
3188.99	101.539
3189.56	107.562
3190.14	99.5854
3190.72	105.608
3191.3	83.6315
3191.88	91.6545
3192.46	107.678
3193.03	93.7006
3193.61	95.7236
3194.19	83.7466
3194.77	103.77
3195.34	91.7927
3195.92	103.816
3196.5	101.839
3197.07	93.8618
3197.65	91.8848
3198.23	109.908
3198.8	91.9309
3199.38	91.9539
3199.95	95.977
