52.0496	3060
53.2157	3637.77
54.3838	4093.53
55.5496	4355.3
56.7153	4761.06
57.8808	4886.83
59.0462	4928.59
60.2114	4852.36
61.3765	5012.13
62.5415	4905.89
63.7063	5017.66
64.8709	5113.42
66.0333	5145.19
67.1977	5222.95
68.3619	5290.72
69.5239	5172.49
70.6857	5244.25
71.8495	5366.02
73.011	5411.78
74.1723	5565.55
75.3357	5489.31
76.4968	5529.08
77.6577	5452.85
78.8185	5500.61
79.9791	5564.38
81.1396	5582.14
82.3	5601.91
83.4581	5601.67
84.6181	5475.44
85.7781	5593.21
86.9357	5596.97
88.0954	5612.74
89.2527	5590.5
90.4121	5634.27
91.5691	5598.03
92.7282	5685.8
93.885	5721.57
95.0416	5651.33
96.1981	5757.1
97.3545	5724.86
98.5107	5798.63
99.6668	5934.39
100.823	5940.16
101.978	6073.93
103.132	6257.69
104.288	6559.46
105.443	6757.22
106.596	6834.99
107.751	6918.75
108.904	7044.52
110.059	7100.29
111.211	6868.05
112.363	6591.82
113.516	6257.58
114.668	6217.35
115.822	5973.11
116.974	5890.88
118.125	5762.65
119.275	5766.41
120.426	5752.18
121.577	5709.94
122.728	5707.71
123.877	5727.47
125.028	5665.24
126.177	5677.01
127.327	5766.77
128.475	5714.54
129.626	5772.3
130.774	5636.07
131.921	5765.83
133.069	5849.6
134.217	5747.37
135.364	5735.13
136.511	5722.9
137.658	5732.66
138.805	5720.43
139.952	5754.19
141.097	5807.96
142.243	5763.73
143.39	5733.49
144.534	5791.26
145.68	5881.02
146.824	5766.79
147.968	5806.55
149.114	5784.32
150.257	5792.08
151.4	5969.85
152.543	5803.62
153.687	5845.38
154.829	5911.15
155.972	5698.91
157.115	5904.68
158.255	5888.44
159.397	5832.21
160.54	5789.98
161.68	5747.74
162.822	5775.51
163.961	5789.27
165.103	5817.04
166.242	5888.81
167.381	5930.57
168.521	5932.34
169.662	5968.1
170.8	6057.87
171.939	5927.63
173.078	5927.4
174.214	5983.17
175.352	6016.93
176.49	6116.7
177.628	6100.46
178.764	6086.23
179.902	6089.99
181.037	6295.76
182.175	6385.52
183.31	6321.29
184.447	6231.06
185.582	6452.82
186.717	6478.59
187.851	6576.35
188.986	6484.12
190.12	6599.88
191.254	6893.65
192.388	6859.42
193.522	6947.18
194.654	7092.95
195.788	7190.71
196.921	7380.48
198.052	7684.24
199.186	7834.01
200.317	8299.78
201.448	8443.54
202.58	8687.31
203.711	9043.07
204.841	9074.84
205.972	9234.6
207.102	9122.37
208.232	9218.14
209.362	9031.9
210.492	8909.67
211.621	8501.43
212.749	8291.2
213.878	7998.96
215.005	7932.73
216.134	7682.5
217.261	7508.26
218.39	7374.03
219.516	7167.79
220.643	7187.56
221.769	6933.32
222.897	6919.09
224.023	6852.86
225.149	6798.62
226.273	6730.39
227.398	6762.15
228.524	6663.92
229.649	6615.68
230.772	6703.45
231.897	6701.22
233.022	6658.98
234.145	6648.75
235.267	6750.51
236.392	6650.28
237.514	6752.04
238.636	6653.81
239.758	6697.58
240.88	6705.34
242.002	6741.11
243.123	6654.87
244.245	6720.64
245.366	6656.4
246.487	6702.17
247.606	6663.94
248.727	6629.7
249.846	6697.47
250.967	6731.23
252.085	6777
253.205	6738.76
254.324	6810.53
255.442	6734.3
256.559	6658.06
257.677	6823.83
258.795	6683.59
259.912	6733.36
261.03	6733.12
262.147	6768.89
263.264	6732.66
264.379	6688.42
265.495	6784.19
266.612	6851.95
267.727	6619.72
268.841	6897.48
269.957	6661.25
271.071	6763.02
272.185	6880.78
273.299	6778.55
274.412	6746.31
275.526	6816.08
276.639	6901.84
277.752	6899.61
278.866	6903.38
279.978	6895.14
281.089	6896.91
282.202	6902.67
283.314	6982.44
284.425	7038.2
285.535	6867.97
286.647	6955.74
287.757	7035.5
288.867	6907.27
289.977	6993.03
291.088	6956.8
292.195	6954.56
293.305	6928.33
294.414	6948.1
295.523	7005.86
296.632	7079.63
297.738	7181.39
298.847	7131.16
299.955	7052.92
301.062	7034.69
302.168	7228.46
303.276	7182.22
304.382	7171.99
305.487	7175.75
306.593	7225.52
307.698	7153.28
308.804	7193.05
309.909	7146.82
311.014	7308.58
312.119	7152.35
313.224	7166.11
314.326	7281.88
315.431	7281.64
316.533	7199.41
317.637	7251.18
318.739	7156.94
319.841	7282.71
320.945	7342.47
322.047	7214.24
323.148	7342
324.25	7265.77
325.351	7287.54
326.452	7179.3
327.553	7165.07
328.652	7308.83
329.753	7288.6
330.853	7330.36
331.952	7372.13
333.052	7293.9
334.15	7303.66
335.248	7343.43
336.348	7317.19
337.446	7250.96
338.543	7426.72
339.641	7458.49
340.738	7526.26
341.835	7474.02
342.933	7367.79
344.03	7483.55
345.124	7517.32
346.221	7463.08
347.318	7526.85
348.412	7536.62
349.508	7456.38
350.602	7644.15
351.696	7813.91
352.792	7707.68
353.886	7519.44
354.979	7687.21
356.073	7764.98
357.166	7590.74
358.259	7750.51
359.35	7684.27
360.443	7766.04
361.536	7751.8
362.629	7781.57
363.719	7819.33
364.812	7741.1
365.902	7848.87
366.992	7760.63
368.084	7834.4
369.174	7848.16
370.264	7787.93
371.353	7847.69
372.443	7847.46
373.532	7867.23
374.621	7898.99
375.708	7878.76
376.797	7824.52
377.886	7950.29
378.972	8024.06
380.061	7907.82
381.147	7999.59
382.235	7935.35
383.322	7995.12
384.408	8010.88
385.493	7944.65
386.579	8024.42
387.665	8008.18
388.75	8057.95
389.835	8021.71
390.921	8199.48
392.004	8263.24
393.088	8237.01
394.173	8082.77
395.256	8252.54
396.34	8232.31
397.423	8084.07
398.505	8291.84
399.587	8373.6
400.671	8195.37
401.753	8225.13
402.835	8250.9
403.916	8220.67
404.998	8318.43
406.077	8422.2
407.158	8381.96
408.239	8461.73
409.318	8477.5
410.399	8397.26
411.478	8397.03
412.558	8498.79
413.637	8492.56
414.715	8628.32
415.793	8452.09
416.871	8367.85
417.949	8501.62
419.027	8481.39
420.104	8515.15
421.182	8418.92
422.259	8454.68
423.334	8572.45
424.411	8432.21
425.486	8531.98
426.563	8579.75
427.638	8535.51
428.712	8587.28
429.789	8605.04
430.863	8544.81
431.937	8542.57
433.011	8514.34
434.085	8542.11
435.159	8581.87
436.231	8679.64
437.304	8601.4
438.378	8699.17
439.449	8768.93
440.522	8692.7
441.593	8684.47
442.666	8826.23
443.737	8790
444.807	8765.76
445.878	8777.53
446.948	8821.29
448.019	8819.06
449.089	8854.83
450.159	8834.59
451.229	8970.36
452.296	8968.12
453.366	8863.89
454.435	8869.65
455.503	8869.42
456.572	8891.19
457.639	8936.95
458.706	9000.72
459.773	8908.48
460.839	9122.25
461.906	9032.01
462.973	9063.78
464.039	9015.55
465.105	8935.31
466.171	9039.08
467.237	9096.84
468.301	9186.61
469.367	9078.37
470.43	9066.14
471.496	9111.91
472.559	9147.67
473.622	9105.44
474.685	9091.2
475.748	9242.97
476.811	9028.73
477.873	9192.5
478.936	9266.27
479.998	9136.03
481.061	9179.8
482.121	9317.56
483.183	9151.33
484.243	9239.09
485.305	9206.86
486.364	9358.63
487.424	9328.39
488.485	9394.16
489.544	9401.92
490.604	9307.69
491.663	9415.45
492.721	9597.22
493.78	9410.99
494.837	9464.75
495.895	9494.52
496.954	9434.28
498.01	9500.05
499.068	9491.81
500.124	9483.58
501.18	9537.35
502.238	9637.11
503.294	9520.88
504.349	9548.64
505.404	9460.41
506.46	9712.17
507.515	9611.94
508.568	9615.71
509.623	9655.47
510.678	9605.24
511.73	9489
512.785	9622.77
513.837	9668.53
514.891	9636.3
515.943	9666.07
516.996	9787.83
518.047	9855.6
519.099	9727.36
520.151	9863.13
521.202	9840.89
522.254	9922.66
523.305	9858.43
524.354	9764.19
525.405	9765.96
526.454	9673.72
527.505	9779.49
528.554	9915.25
529.604	9783.02
530.653	9992.79
531.701	9814.55
532.749	9796.32
533.797	9982.08
534.845	10015.8
535.893	9921.61
536.94	10003.4
537.986	9973.15
539.033	10122.9
540.079	10054.7
541.126	9954.44
542.171	9990.21
543.218	10140
544.263	10075.7
545.307	9979.5
546.352	9983.27
547.397	10103
548.441	10106.8
549.485	10112.6
550.529	10110.3
551.571	10168.1
552.615	10079.9
553.657	10191.6
554.7	10229.4
555.742	10089.2
556.785	10150.9
557.826	10214.7
558.867	10230.5
559.909	10120.2
560.949	10170
561.99	10315.8
563.031	10303.5
564.071	10265.3
565.112	10325.1
566.15	10314.8
567.19	10306.6
568.228	10382.4
569.268	10426.1
570.306	10293.9
571.343	10309.6
572.381	10501.4
573.418	10493.2
574.456	10324.9
575.493	10314.7
576.53	10298.5
577.567	10342.2
578.604	10410
579.638	10401.8
580.675	10395.5
581.712	10423.3
582.746	10497.1
583.78	10448.8
584.814	10438.6
585.85	10558.4
586.884	10556.1
587.918	10543.9
588.951	10501.7
589.985	10611.4
591.016	10613.2
592.05	10675
593.083	10654.7
594.114	10712.5
595.147	10682.3
596.178	10750
597.21	10743.8
598.241	10749.6
599.271	10803.3
600.302	10725.1
601.332	10794.9
602.362	10870.6
603.392	10698.4
604.422	11012.2
605.449	10897.9
606.479	10879.7
607.509	10859.4
608.536	10725.2
609.563	10927
610.592	10964.7
611.619	10872.5
612.646	10974.3
613.673	10926
614.7	10897.8
615.726	10865.6
616.753	10823.3
617.779	10783.1
618.803	10948.9
619.829	10808.6
620.855	10796.4
621.879	10994.2
622.903	10889.9
623.929	10861.7
624.952	10849.5
625.976	10757.2
626.999	10813
628.022	10838.8
629.045	10876.5
630.068	11054.3
631.091	10980.1
632.111	10977.8
633.134	11125.6
634.154	11025.4
635.177	10915.1
636.197	11206.9
637.217	10972.7
638.239	11028.4
639.259	11166.2
640.279	11212
641.298	11177.7
642.318	11217.5
643.335	11359.2
644.355	11349
645.374	11354.8
646.391	11332.5
647.41	11296.3
648.427	11468.1
649.445	11523.8
650.462	11501.6
651.479	11441.4
652.495	11429.1
653.511	11634.9
654.527	11630.7
655.544	11626.4
656.559	11658.2
657.573	11608
658.589	11747.7
659.603	11711.5
660.618	11705.3
661.631	11589
662.647	11704.8
663.66	11644.6
664.673	11788.3
665.686	11618.1
666.698	11701.9
667.711	11785.6
668.724	11845.4
669.734	11947.2
670.746	11934.9
671.759	11806.7
672.769	11988.5
673.779	11802.2
674.791	11908
675.8	11899.8
676.81	11909.5
677.82	11995.3
678.829	11867
679.838	11820.8
680.848	12030.6
681.857	11914.3
682.866	11902.1
683.873	11897.9
684.881	12051.6
685.888	12007.4
686.896	11923.2
687.903	12052.9
688.909	12094.7
689.915	12126.5
690.922	12204.2
691.927	12162
692.933	12177.8
693.939	12035.5
694.945	12055.3
695.948	12269.1
696.954	12352.8
697.957	12250.6
698.962	12276.4
699.965	12206.1
700.968	12383.9
701.971	12243.7
702.974	12309.4
703.976	12177.2
704.979	12271
705.981	12380.7
706.984	12344.5
707.986	12242.3
708.986	12366
709.988	12539.8
710.988	12377.5
711.99	12379.3
712.989	12301.1
713.989	12434.8
714.988	12422.6
715.987	12408.4
716.987	12482.1
717.986	12379.9
718.985	12519.7
719.982	12503.4
720.98	12691.2
721.977	12513
722.976	12628.7
723.972	12588.5
724.97	12690.3
725.966	12528
726.963	12509.8
727.959	12567.6
728.954	12589.3
729.95	12603.1
730.946	12712.9
731.939	12634.6
732.935	12676.4
733.928	12524.2
734.924	12637.9
735.917	12605.7
736.912	12613.5
737.905	12705.2
738.897	12597
739.89	12712.8
740.883	12620.5
741.875	12734.3
742.867	12756.1
743.858	12835.8
744.85	12591.6
745.842	12825.3
746.832	12835.1
747.822	12884.9
748.813	12982.6
749.803	12832.4
750.792	12764.2
751.782	12901.9
752.771	12925.7
753.76	12865.5
754.749	12805.2
755.738	13011
756.725	13044.8
757.714	12846.5
758.701	13092.3
759.689	12862.1
760.676	13101.8
761.662	13193.6
762.648	13101.4
763.634	13195.1
764.62	13104.9
765.606	13196.7
766.592	13064.4
767.578	13084.2
768.563	13248
769.547	13149.7
770.532	13107.5
771.515	13145.3
772.498	13367
773.484	13138.8
774.466	13258.6
775.449	13304.3
776.432	13242.1
777.415	13365.9
778.395	13373.6
779.378	13227.4
780.36	13247.1
781.34	13288.9
782.322	13320.7
783.302	13200.4
784.284	13302.2
785.264	13240
786.244	13335.7
787.223	13267.5
788.203	13325.3
789.182	13345
790.161	13366.8
791.138	13462.6
792.117	13472.3
793.096	13290.1
794.073	13377.9
795.052	13183.6
796.029	13287.4
797.005	13381.2
797.982	13432.9
798.958	13486.7
799.934	13544.5
800.91	13326.2
801.886	13544
802.862	13559.8
803.836	13285.5
804.812	13463.3
805.785	13317.1
806.761	13492.8
807.734	13568.6
808.707	13372.4
809.681	13496.1
810.654	13493.9
811.627	13567.7
812.599	13655.4
813.572	13645.2
814.545	13618.9
815.516	13654.7
816.488	13754.5
817.458	13612.2
818.431	13646
819.401	13733.8
820.371	13613.5
821.341	13759.3
822.311	13785.1
823.28	13888.8
824.25	13834.6
825.219	14008.4
826.187	13962.1
827.156	13871.9
828.123	14155.7
829.093	14099.4
830.06	14095.2
831.027	14193
831.995	14106.7
832.962	14072.5
833.929	14192.3
834.895	14114
835.86	14287.8
836.826	14281.6
837.792	14247.3
838.756	14115.1
839.722	14214.9
840.686	14378.6
841.652	14418.4
842.616	14310.2
843.579	14521.9
844.543	14393.7
845.506	14359.5
846.47	14333.2
847.433	14321
848.394	14476.7
849.357	14554.5
850.32	14504.3
851.281	14420
852.241	14389.8
853.204	14461.6
854.165	14577.3
855.125	14559.1
856.085	14500.9
857.046	14572.6
858.006	14456.4
858.966	14550.2
859.924	14447.9
860.883	14413.7
861.841	14567.5
862.801	14447.2
863.758	14507
864.716	14546.8
865.673	14510.5
866.632	14540.3
867.589	14676.1
868.544	14425.8
869.501	14519.6
870.458	14449.4
871.415	14445.1
872.369	14488.9
873.326	14560.7
874.28	14558.4
875.235	14730.2
876.189	14536
877.145	14539.7
878.099	14619.5
879.053	14753.3
880.005	14601
880.959	14598.8
881.912	14692.5
882.864	14544.3
883.817	14732.1
884.769	14761.8
885.722	14707.6
886.673	14615.4
887.624	14703.1
888.575	14990.9
889.526	14706.7
890.477	14840.4
891.427	14946.2
892.378	14798
893.326	14829.7
894.277	14945.5
895.225	15155.3
896.175	14839
897.123	14984.8
898.071	14974.6
899.019	15100.3
899.967	15018.1
900.915	15377.9
901.862	15309.6
902.81	15297.4
903.757	15265.2
904.703	15374.9
905.65	15278.7
906.595	15272.5
907.54	15262.2
908.487	15308
909.432	15417.8
910.377	15297.5
911.321	15395.3
912.266	15443.1
913.208	15406.8
914.153	15422.6
915.097	15586.3
916.039	15530.1
916.983	15463.9
917.925	15601.6
918.867	15347.4
919.809	15555.2
920.752	15518.9
921.694	15676.7
922.634	15512.5
923.575	15500.2
924.516	15614
925.458	15681.8
926.397	15645.5
927.338	15711.3
928.277	15671.1
929.216	15790.8
930.156	15536.6
931.095	15832.4
932.033	15674.1
932.972	15697.9
933.908	15591.7
934.847	15763.4
935.785	15659.2
936.721	15727
937.659	15638.7
938.595	15840.5
939.533	15884.3
940.468	15672
941.404	15769.8
942.339	15915.6
943.275	15705.3
944.21	15793.1
945.146	15860.9
946.079	15908.6
947.014	15730.4
947.949	15796.1
948.882	16047.9
949.814	15953.7
950.747	15923.4
951.682	15909.2
952.614	16011
953.547	16039.3
954.479	15865.7
955.409	15903.8
956.341	16114.7
957.273	16051.7
958.203	16140.9
959.135	16087.5
960.065	16200.5
960.995	16232.2
961.924	16148.9
962.856	16212.9
963.785	16105.7
964.713	16276.2
965.642	16109.8
966.571	16129.1
967.5	16217.5
968.427	16252.5
969.356	16204.6
970.283	16305.2
971.209	16389.6
972.136	16225.2
973.062	16387
973.989	16356.8
974.915	16411.1
975.841	16283.8
976.767	16325.3
977.693	16343.7
978.617	16353.7
979.543	16291.7
980.467	16335.5
981.391	16332.3
982.314	16383.4
983.238	16395.6
984.161	16323.5
985.085	16346.2
986.008	16385.9
986.931	16456
987.854	16461.2
988.775	16469.5
989.698	16527
990.619	16570.9
991.539	16394.6
992.46	16521.9
993.383	16426
994.303	16534.3
995.223	16497.6
996.142	16562
997.062	16661.5
997.982	16597
998.9	16497.8
999.82	16662.1
1000.74	16613.8
1001.66	16585.4
1002.57	16613
1003.49	16513.2
1004.41	16613
1005.33	16814
1006.24	16710.7
1007.16	16754.3
1008.08	16695
1008.99	16647.1
1009.91	16803.8
1010.82	16835.7
1011.74	16703.2
1012.65	16750.7
1013.57	16904.5
1014.48	16888.3
1015.4	16795
1016.31	16840
1017.22	16969
1018.14	16972.8
1019.05	17006.2
1019.97	17119.6
1020.88	17115.4
1021.79	17140.9
1022.7	17054.5
1023.61	17148.8
1024.53	17292
1025.44	17275.3
1026.35	17281.6
1027.26	17231.3
1028.17	17249
1029.08	17463.9
1029.99	17363.3
1030.9	17499.8
1031.81	17428.8
1032.72	17393.2
1033.63	17498.7
1034.53	17461.6
1035.44	17538.6
1036.35	17524.8
1037.26	17557.3
1038.17	17631.8
1039.07	17597.5
1039.98	17605.7
1040.89	17732.2
1041.79	17521.2
1042.7	17743.2
1043.6	17680.9
1044.51	17707
1045.41	17758.9
1046.32	17729.5
1047.23	17674.7
1048.13	17701.9
1049.03	17798
1049.94	17858.5
1050.84	17787.9
1051.75	17643.5
1052.65	17785.4
1053.55	17907.7
1054.45	17842.2
1055.36	17742.3
1055.36	17741.4
1056.33	17811.8
1057.31	17660.2
1058.28	17864.6
1059.25	17795.1
1060.22	17775.5
1061.2	17761.9
1062.17	17748.3
1063.14	17692.7
1064.11	17941.1
1065.08	17839.5
1066.06	17859.9
1067.03	17914.3
1068	17838.8
1068.97	17787.2
1069.94	17839.6
1070.91	18102
1071.88	17702.4
1072.85	17962.8
1073.81	17965.2
1074.78	17901.6
1075.75	18082
1076.72	17846.5
1077.69	18048.9
1078.66	18069.3
1079.63	18093.7
1080.59	17964.1
1081.56	17992.5
1082.53	18002.9
1083.49	17943.3
1084.46	18071.7
1085.43	18082.2
1086.39	18144.6
1087.36	18145
1088.33	18273.4
1089.29	18467.8
1090.26	18126.2
1091.22	18230.6
1092.19	18259
1093.15	18213.4
1094.11	18405.9
1095.08	18350.3
1096.04	18294.7
1097.01	18441.1
1097.97	18565.5
1098.93	18483.9
1099.9	18674.3
1100.86	18510.7
1101.82	18595.1
1102.78	18549.6
1103.74	18616
1104.71	18748.4
1105.67	18704.8
1106.63	18811.2
1107.59	18961.6
1108.55	18806
1109.51	18704.4
1110.47	18782.8
1111.43	18981.3
1112.39	18797.7
1113.35	18854.1
1114.31	18922.5
1115.27	18922.9
1116.23	19063.3
1117.19	19123.7
1118.14	19134.1
1119.1	18986.5
1120.06	19069
1121.02	19151.4
1121.97	19127.8
1122.93	19248.2
1123.89	18964.6
1124.84	18835
1125.8	18949.4
1126.76	18897.8
1127.71	18904.2
1128.67	19018.7
1129.63	19097.1
1130.58	19035.5
1131.54	18883.9
1132.49	19010.3
1133.45	18942.7
1134.4	18793.1
1135.35	18775.5
1136.31	18959.9
1137.26	18786.4
1138.21	19046.8
1139.17	19107.2
1140.12	18945.6
1141.07	18988
1142.03	18958.4
1142.98	19074.8
1143.93	18863.2
1144.88	19025.6
1145.83	19084.1
1146.78	18856.5
1147.73	19006.9
1148.68	19143.3
1149.63	19017.7
1150.59	19216.1
1151.54	19076.5
1152.49	18810.9
1153.44	19099.3
1154.39	19103.8
1155.33	19020.2
1156.28	19202.6
1157.23	19077
1158.18	19245.4
1159.13	19343.8
1160.07	19426.2
1161.02	19336.6
1161.97	19389
1162.92	19339.5
1163.86	19609.9
1164.81	19550.3
1165.76	19564.7
1166.7	19449.1
1167.65	19317.5
1168.59	19463.9
1169.54	19442.3
1170.48	19376.7
1171.43	19385.2
1172.37	19517.6
1173.32	19518
1174.26	19538.4
1175.21	19790.8
1176.15	19665.2
1177.1	19793.6
1178.04	19742
1178.98	19908.4
1179.93	19650.9
1180.87	19763.3
1181.81	19683.7
1182.75	19780.1
1183.69	19780.5
1184.63	19736.9
1185.58	19717.3
1186.52	19769.7
1187.46	19828.1
1188.4	19842.6
1189.34	19771
1190.28	19915.4
1191.22	19875.8
1192.16	19890.2
1193.1	19858.6
1194.04	19829
1194.98	19949.4
1195.92	19759.8
1196.86	20064.3
1197.79	19916.7
1198.73	19927.1
1199.67	19851.5
1200.61	19827.9
1201.54	19980.3
1202.48	19806.7
1203.42	19933.1
1204.35	19995.5
1205.29	19932
1206.23	20108.4
1207.16	19942.8
1208.1	20035.2
1209.04	19993.6
1209.97	20088
1210.91	20226.4
1211.84	19920.8
1212.77	19901.2
1213.71	20193.7
1214.64	20212.1
1215.58	20022.5
1216.51	20236.9
1217.44	20297.3
1218.38	20207.7
1219.31	20386.1
1220.24	20286.5
1221.17	19960.9
1222.11	20247.4
1223.04	20343.8
1223.97	20562.2
1224.9	20310.6
1225.83	20323
1226.76	20289.4
1227.69	20559.8
1228.62	20536.2
1229.55	20444.6
1230.48	20371.1
1231.41	20753.5
1232.34	20769.9
1233.27	20664.3
1234.2	20616.7
1235.13	20827.1
1236.06	20629.5
1236.99	20861.9
1237.92	20600.3
1238.84	20786.8
1239.77	20771.2
1240.7	20733.6
1241.63	20874
1242.55	21080.4
1243.48	20922.8
1244.41	21033.2
1245.33	21247.6
1246.26	20854
1247.18	21078.5
1248.11	20964.9
1249.03	21107.3
1249.96	21147.7
1250.89	21136.1
1251.81	21214.5
1252.73	21292.9
1253.66	21203.3
1254.58	21207.7
1255.5	21336.2
1256.43	21180.6
1257.35	21221
1258.27	21205.4
1259.2	21475.8
1260.12	21310.2
1261.04	21478.6
1261.96	21357
1262.88	21283.4
1263.81	21497.8
1264.73	21334.3
1265.65	21316.7
1266.57	21577.1
1267.49	21433.5
1268.41	21597.9
1269.33	21706.3
1270.25	21648.7
1271.17	21737.1
1272.09	21609.6
1273.01	21624
1273.93	21652.4
1274.84	21904.8
1275.76	21535.2
1276.68	21565.6
1277.6	21818
1278.52	21836.4
1279.43	21758.8
1280.35	21807.3
1281.27	21801.7
1282.18	21586.1
1283.1	21868.5
1284.02	21724.9
1284.93	21773.3
1285.85	21793.7
1286.76	21862.1
1287.68	21808.5
1288.59	22038.9
1289.51	21971.4
1290.42	21967.8
1291.34	22174.2
1292.25	22072.6
1293.17	21937
1294.08	22109.4
1294.99	22141.8
1295.91	22214.2
1296.82	22314.6
1297.73	22213.1
1298.64	22367.5
1299.55	22447.9
1300.47	22528.3
1301.38	22460.7
1302.29	22501.1
1303.2	22519.5
1304.11	22505.9
1305.02	22608.3
1305.93	22554.8
1306.84	22491.2
1307.75	22447.6
1308.66	22670
1309.57	22598.4
1310.48	22736.8
1311.39	22747.2
1312.3	22829.6
1313.21	22632
1314.11	22858.5
1315.02	22640.9
1315.93	22863.3
1316.84	22975.7
1317.75	22946.1
1318.65	23132.5
1319.56	22788.9
1320.46	22939.3
1321.37	23025.7
1322.28	22946.2
1323.19	23142.6
1324.09	23163
1325	23055.4
1325.9	23087.8
1326.81	22890.2
1327.71	22920.6
1328.62	22999
1329.52	23179.4
1330.42	23045.9
1331.33	23158.3
1332.23	23246.7
1333.13	23229.1
1334.04	23351.5
1334.94	23291.9
1335.84	23136.3
1336.74	23238.7
1337.65	23053.1
1338.55	23091.6
1339.45	23212
1340.35	23246.4
1341.25	23178.8
1342.15	23251.2
1343.05	23323.6
1343.95	23138
1344.85	23188.4
1345.75	23136.8
1346.65	23151.3
1347.55	23403.7
1348.45	23368.1
1349.35	23142.5
1350.25	23272.9
1351.15	23185.3
1352.05	23253.7
1352.94	23214.1
1353.84	23168.5
1354.74	23293
1355.64	23263.4
1356.53	23275.8
1357.43	23162.2
1358.33	23268.6
1359.22	23361
1360.12	23069.4
1361.01	23281.8
1361.91	23384.2
1362.81	23470.7
1363.7	23263.1
1364.6	23361.5
1365.49	23569.9
1366.39	23442.3
1367.28	23636.7
1368.17	23361.1
1369.07	23311.5
1369.96	23587.9
1370.85	23594.4
1371.75	23624.8
1372.64	23673.2
1373.53	23727.6
1374.42	23546
1375.32	23686.4
1376.21	23978.8
1377.1	23719.2
1377.99	23825.6
1378.88	23922.1
1379.77	24166.5
1380.66	24142.9
1381.55	24049.3
1382.44	24107.7
1383.33	24222.1
1384.22	24348.5
1385.11	24542.9
1386	24335.3
1386.89	24165.8
1387.78	24252.2
1388.67	24374.6
1389.55	24483
1390.44	24385.4
1391.33	24571.8
1392.22	24366.2
1393.1	24384.6
1393.99	24399
1394.88	24443.5
1395.77	24443.9
1396.65	24386.3
1397.54	24354.7
1398.42	24439.1
1399.31	24299.5
1400.19	24465.9
1401.08	24424.3
1401.96	24134.7
1402.85	24391.2
1403.73	24243.6
1404.62	24242
1405.5	24248.4
1406.38	24272.8
1407.27	24389.2
1408.15	24235.6
1409.03	24372
1409.92	24174.4
1410.8	24222.9
1411.68	24009.3
1412.56	24111.7
1413.44	24126.1
1414.33	24272.5
1415.21	24218.9
1416.09	24073.3
1416.97	24043.7
1417.85	24026.1
1418.73	24212.6
1419.61	24161
1420.49	24099.4
1421.37	24011.8
1422.25	24052.2
1423.13	24208.6
1424.01	24307
1424.89	24151.4
1425.76	23927.8
1426.64	24000.3
1427.52	24024.7
1428.4	24243.1
1429.28	24367.5
1430.15	24131.9
1431.03	24158.3
1431.91	24014.7
1432.78	24143.1
1433.66	24147.5
1434.54	24196
1435.41	24172.4
1436.29	24124.8
1437.16	24203.2
1438.04	24115.6
1438.91	24366
1439.79	24146.4
1440.66	24348.8
1441.53	24189.2
1442.41	24355.7
1443.28	24266.1
1444.15	24132.5
1445.03	24338.9
1445.9	24145.3
1446.77	24103.7
1447.65	24256.1
1448.52	24260.5
1449.39	24456.9
1450.26	24447.4
1451.13	24483.8
1452	24308.2
1452.88	24440.6
1453.75	24539
1454.62	24373.4
1455.49	24405.8
1456.36	24498.2
1457.23	24606.6
1458.1	24447.1
1458.97	24641.5
1459.83	24491.9
1460.7	24694.3
1461.57	24600.7
1462.44	24815.1
1463.31	24505.5
1464.18	24665.9
1465.04	24958.3
1465.91	24654.8
1466.78	24603.2
1467.64	24671.6
1468.51	24924
1469.38	24818.4
1470.24	24818.8
1471.11	24775.2
1471.98	24969.6
1472.84	24824
1473.71	25000.5
1474.57	24868.9
1475.44	25045.3
1476.3	24803.7
1477.16	24928.1
1478.03	24714.5
1478.89	24884.9
1479.76	25203.3
1480.62	24785.7
1481.48	24946.2
1482.35	24992.6
1483.21	24985
1484.07	25097.4
1484.93	24873.8
1485.79	24882.2
1486.66	25238.6
1487.52	24937
1488.38	25063.4
1489.24	25025.9
1490.1	25052.3
1490.96	25114.7
1491.82	24901.1
1492.68	24999.5
1493.54	25023.9
1494.4	24998.3
1495.26	25096.7
1496.12	25233.1
1496.98	25261.6
1497.83	25012
1498.69	25088.4
1499.55	24980.8
1500.41	25103.2
1501.27	25295.6
1502.12	25246
1502.98	25360.4
1503.84	25208.8
1504.69	25105.3
1505.55	25293.7
1506.41	25188.1
1507.26	25286.5
1508.12	25428.9
1508.97	25305.3
1509.83	25369.7
1510.68	25292.1
1511.54	25610.5
1512.39	25567
1513.25	25583.4
1514.1	25701.8
1514.96	25334.2
1515.81	25576.6
1516.66	25455
1517.52	25499.4
1518.37	25413.8
1519.22	25506.2
1520.07	25568.7
1520.92	25671.1
1521.78	25551.5
1522.63	25713.9
1523.48	25476.3
1524.33	25572.7
1525.18	25743.1
1526.03	25829.5
1526.88	25555.9
1527.73	25754.4
1528.58	25796.8
1529.43	25957.2
1530.28	25815.6
1531.13	25808
1531.98	25926.4
1532.83	25878.8
1533.68	25877.2
1534.52	25849.6
1535.37	25872.1
1536.22	26170.5
1537.07	26180.9
1537.91	26047.3
1538.76	26231.7
1539.61	26044.1
1540.45	26160.5
1541.3	26288.9
1542.15	26273.3
1542.99	26251.8
1543.84	26194.2
1544.68	26364.6
1545.53	26265
1546.37	26303.4
1547.22	26299.8
1548.06	26456.2
1548.91	26558.6
1549.75	26285
1550.6	26565.5
1551.44	26379.9
1552.28	26408.3
1553.12	26402.7
1553.97	26759.1
1554.81	26637.5
1555.65	26567.9
1556.49	26410.3
1557.34	26338.7
1558.18	26365.2
1559.02	26551.6
1559.86	26638
1560.7	26384.4
1561.54	26500.8
1562.38	26703.2
1563.22	26557.6
1564.06	26466
1564.9	26436.4
1565.74	26700.9
1566.58	26571.3
1567.42	26561.7
1568.26	26504.1
1569.1	26526.5
1569.93	26450.9
1570.77	26667.3
1571.61	26511.7
1572.45	26586.1
1573.28	26686.6
1574.12	26585
1574.96	26705.4
1575.79	26661.8
1576.63	26414.2
1577.47	26636.6
1578.3	26777
1579.14	26561.4
1579.97	26613.8
1580.81	26520.3
1581.64	26552.7
1582.48	26821.1
1583.31	26787.5
1584.15	26643.9
1584.98	26882.3
1585.81	26610.7
1586.64	26705.1
1587.48	26877.5
1588.31	26704
1589.14	26794.4
1589.98	26812.8
1590.81	26743.2
1591.64	26965.6
1592.47	27316
1593.3	27078.4
1594.14	26904.8
1594.97	26991.2
1595.8	27143.6
1596.63	27000.1
1597.46	27074.5
1598.29	27052.9
1599.12	27025.3
1599.95	27327.7
1600.78	27382.1
1601.6	27072.5
1602.43	27102.9
1603.26	27409.3
1604.09	27067.8
1604.92	27332.2
1605.75	27284.6
1606.57	27303
1607.4	27419.4
1608.23	27443.8
1609.06	27738.2
1609.88	27216.6
1610.71	27391
1611.53	27631.5
1612.36	27631.9
1613.19	27532.3
1614.01	27422.7
1614.84	27559.1
1615.66	27459.5
1616.49	27597.9
1617.31	27678.3
1618.14	27322.7
1618.96	27569.2
1619.78	27629.6
1620.61	27518
1621.43	27434.4
1622.25	27556.8
1623.08	27455.2
1623.9	27509.6
1624.72	27500
1625.54	27506.4
1626.37	27658.9
1627.19	27363.3
1628.01	27767.7
1628.83	27466.1
1629.65	27478.5
1630.47	27630.9
1631.29	27559.3
1632.11	27457.7
1632.93	27548.1
1633.75	27494.6
1634.57	27573
1635.39	27441.4
1636.21	27459.8
1637.03	27546.2
1637.85	27464.6
1638.66	27557
1639.48	27405.4
1640.3	27597.8
1641.12	27614.3
1641.94	27476.7
1642.75	27609.1
1643.57	27417.5
1644.39	27515.9
1645.2	27558.3
1646.02	27526.7
1646.83	27493.1
1647.65	27549.5
1648.47	27570
1649.28	27514.4
1650.1	27566.8
1650.91	27579.2
1651.72	27469.6
1652.54	27546
1653.35	27580.4
1654.17	27268.8
1654.98	27505.2
1655.79	27445.7
1656.61	27336.1
1657.42	27494.5
1658.23	27530.9
1659.04	27533.3
1659.86	27315.7
1660.67	27662.1
1661.48	27310.5
1662.29	27434.9
1663.1	27431.4
1663.91	27561.8
1664.72	27440.2
1665.54	27394.6
1666.34	27419
1667.16	27369.4
1667.96	27369.8
1668.77	27380.2
1669.58	27536.6
1670.39	27609.1
1671.2	27253.5
1672.01	27695.9
1672.82	27382.3
1673.63	27350.7
1674.43	27261.1
1675.24	27523.5
1676.05	27731.9
1676.85	27414.3
1677.66	27486.8
1678.47	27475.2
1679.28	27347.6
1680.08	27464
1680.89	27376.4
1681.69	27498.8
1682.5	27581.2
1683.3	27539.6
1684.11	27366
1684.91	27536.5
1685.72	27596.9
1686.52	27623.3
1687.32	27623.7
1688.13	27430.1
1688.93	27738.5
1689.74	27552.9
1690.54	27653.3
1691.34	27583.7
1692.14	27502.2
1692.95	27506.6
1693.75	27689
1694.55	27767.4
1695.35	27893.8
1696.15	27706.2
1696.95	27740.6
1697.76	27747
1698.55	27581.4
1699.36	27601.9
1700.16	27776.3
1700.95	27770.7
1701.76	27705.1
1702.55	27649.5
1703.35	27981.9
1704.15	27824.3
1704.95	27908.7
1705.75	27779.1
1706.55	27783.6
1707.35	27714
1708.14	27802.4
1708.94	27968.8
1709.74	27707.2
1710.54	28077.6
1711.33	27888
1712.13	28042.4
1712.93	27934.8
1713.72	28025.3
1714.52	27811.7
1715.31	28000.1
1716.11	27892.5
1716.9	28042.9
1717.7	27873.3
1718.49	27973.7
1719.29	28080.1
1720.08	28040.5
1720.88	28139
1721.67	28273.4
1722.46	28369.8
1723.26	27868.2
1724.05	27887.8
1724.84	27927.7
1725.63	28193
1726.43	28189.4
1727.22	28093.3
1728.01	28204.1
1728.8	28128
1729.59	28198.3
1730.38	28244.4
1731.17	28185.5
1731.97	28219.3
1732.76	28259.6
1733.54	28192.1
1734.34	28121.3
1735.13	28185.6
1735.91	28135.6
1736.7	28093.6
1737.49	28216.5
1738.28	28270
1739.07	28293.9
1739.86	28253.4
1740.65	28154.8
1741.43	28149.6
1742.22	28310.9
1743.01	28307.9
1743.79	28550.6
1744.58	28382.6
1745.37	28357.9
1746.15	28450.8
1746.94	28397
1747.73	28233
1748.51	28364.7
1749.3	28478.8
1750.08	28432.6
1750.87	28404.7
1751.65	28423.3
1752.44	28393
1753.22	28482.7
1754	28513.6
1754.79	28447.7
1755.57	28504.7
1756.35	28467.7
1757.14	28587.9
1757.92	28660.5
1758.7	28586
1759.48	28580.2
1760.27	28496.4
1761.05	28669.9
1761.83	28532.2
1762.61	28609.3
1763.39	28759
1764.17	28851.8
1764.95	28594.3
1765.73	28705
1766.51	28738.8
1767.29	28812.3
1768.07	28730.1
1768.85	28773.4
1769.63	28924.1
1770.41	28883.7
1771.19	28973
1771.97	28853.4
1772.75	28958.2
1773.52	28975.6
1774.3	29030.5
1775.08	29074.5
1775.86	29172.9
1776.63	29184.6
1777.41	29320.8
1778.18	29402.7
1778.96	29338
1779.74	29376.1
1780.51	29397.4
1781.29	29578.3
1782.06	29545.4
1782.84	29494.8
1783.61	29546.9
1784.39	29717.9
1785.16	29578.1
1785.94	29784.2
1786.71	29716.4
1787.48	29929
1788.26	29716.4
1789.03	29732.2
1789.8	29743.2
1790.58	29682.6
1791.35	29607.2
1792.12	29567.2
1792.89	29533.8
1793.67	29700.1
1794.44	29425
1795.21	29550.7
1795.98	29539.2
1796.75	29319.3
1797.52	29457.5
1798.29	29346.9
1799.06	29353.7
1799.83	29369.2
1800.6	29350.6
1801.37	29459.2
1802.14	29497.2
1802.91	29509.4
1803.68	29377.7
1804.44	29286.5
1805.21	29385.3
1805.98	29597.7
1806.75	29528.5
1807.52	29449.2
1808.28	29381.6
1809.05	29351.9
1809.82	29322.1
1810.36	29220.7
1811.2	29502.5
1812.04	29684.4
1812.87	29276.3
1813.71	29342.1
1814.55	29628
1815.38	29455.8
1816.22	29445.7
1817.06	29529.6
1817.89	29383.4
1818.73	29383.3
1819.56	29117.1
1820.4	29377
1821.23	29362.8
1822.07	29476.7
1822.9	29248.6
1823.74	29418.4
1824.57	29422.3
1825.41	29332.1
1826.24	29472
1827.07	29535.9
1827.91	29191.7
1828.74	29375.6
1829.57	29507.4
1830.41	29361.3
1831.24	29487.2
1832.07	29693
1832.9	29600.9
1833.73	29688.7
1834.57	29496.6
1835.4	29674.5
1836.23	29600.3
1837.06	29476.2
1837.89	29690
1838.72	29377.9
1839.55	29647.7
1840.38	29865.6
1841.21	29583.5
1842.04	29619.3
1842.87	29867.2
1843.7	29773
1844.53	29742.9
1845.36	29646.8
1846.19	29906.6
1847.02	29798.5
1847.85	29802.3
1848.67	29782.2
1849.5	29824.1
1850.33	29853.9
1851.16	29709.8
1851.98	29937.6
1852.81	29961.5
1853.64	29655.3
1854.46	29737.2
1855.29	29661.1
1856.12	30092.9
1856.94	30082.8
1857.77	29758.6
1858.59	29798.5
1859.42	30002.4
1860.24	29824.2
1861.07	29868.1
1861.9	29913.9
1862.72	29991.8
1863.54	29903.7
1864.37	30065.5
1865.19	29897.4
1866.02	29879.2
1866.84	30103.1
1867.66	29729
1868.49	30150.8
1869.31	30102.7
1870.13	30296.5
1870.95	29880.4
1871.78	30072.2
1872.6	30090.1
1873.42	29886
1874.24	29965.8
1875.06	29951.7
1875.88	30245.5
1876.71	30327.4
1877.53	29897.3
1878.35	30093.1
1879.17	30233
1879.99	29954.8
1880.81	30068.7
1881.63	30010.6
1882.45	30146.4
1883.27	29948.3
1884.08	30124.1
1884.9	30238
1885.72	30133.8
1886.54	30127.7
1887.36	30209.6
1888.18	30387.4
1889	30133.3
1889.81	30325.1
1890.63	30373
1891.45	30322.9
1892.27	30036.7
1893.08	30110.6
1893.9	30262.4
1894.71	30238.3
1895.53	30214.2
1896.35	30236
1897.16	30265.9
1897.98	30015.7
1898.79	30261.6
1899.61	30183.4
1900.42	30109.3
1901.24	30247.2
1902.05	30115
1902.87	30168.9
1903.68	30274.7
1904.5	30330.6
1905.31	30368.5
1906.12	30168.3
1906.94	30264.2
1907.75	30402
1908.56	30543.9
1909.37	30169.8
1910.19	30655.6
1911	30221.5
1911.81	30407.3
1912.62	30347.2
1913.43	30329.1
1914.24	30634.9
1915.06	30526.8
1915.87	30484.6
1916.68	30440.5
1917.49	30396.3
1918.3	30642.2
1919.11	30406.1
1919.92	30583.9
1920.73	30597.8
1921.54	30723.6
1922.35	30553.5
1923.15	30609.4
1923.96	30513.2
1924.77	30683.1
1925.58	30616.9
1926.39	30572.8
1927.2	30878.7
1928	30968.5
1928.81	31078.4
1929.62	30964.2
1930.43	30770.1
1931.23	31023.9
1932.04	30793.8
1932.85	30891.7
1933.65	30857.5
1934.46	30901.4
1935.26	31037.2
1936.07	31087.1
1936.88	30989
1937.68	31206.8
1938.49	31164.7
1939.29	31082.5
1940.1	31046.4
1940.9	31336.3
1941.7	31080.1
1942.51	31106
1943.31	31223.8
1944.11	31111.7
1944.92	31259.5
1945.72	31399.4
1946.52	31287.3
1947.33	31213.1
1948.13	31071
1948.93	31054.8
1949.73	31200.7
1950.54	31122.6
1951.34	31150.4
1952.14	31342.3
1952.94	31392.1
1953.74	31436
1954.54	31557.9
1955.34	31435.7
1956.14	31263.6
1956.94	31321.4
1957.74	31271.3
1958.54	31187.2
1959.34	31279
1960.14	31396.9
1960.94	31330.7
1961.74	31150.6
1962.54	31508.4
1963.34	31304.3
1964.14	31534.2
1964.93	31650
1965.73	31117.9
1966.53	31511.7
1967.33	31295.6
1968.12	31417.5
1968.92	31239.3
1969.72	31439.2
1970.51	31619
1971.31	31344.9
1972.11	31430.8
1972.9	31416.6
1973.7	31554.5
1974.49	31368.3
1975.29	31326.2
1976.08	31498
1976.88	31433.9
1977.67	31123.8
1978.47	31421.6
1979.26	31213.5
1980.05	31287.3
1980.85	31347.2
1981.64	31139.1
1982.44	31520.9
1983.23	31474.8
1984.02	31272.6
1984.81	31322.5
1985.61	31498.4
1986.4	31404.2
1987.19	31266.1
1987.98	31607.9
1988.77	31455.8
1989.57	31469.7
1990.36	31483.5
1991.15	31301.4
1991.94	31441.2
1992.73	31423.1
1993.52	31658.9
1994.31	31488.8
1995.1	31232.7
1995.89	31578.5
1996.68	31574.4
1997.47	31512.2
1998.26	31428.1
1999.05	31444
1999.84	31513.8
2000.62	31717.7
2001.41	31723.5
2002.2	31591.4
2002.99	31781.3
2003.78	31537.1
2004.56	31495
2005.35	31802.8
2006.14	31708.7
2006.92	31672.5
2007.71	31734.4
2008.5	31936.3
2009.28	31980.1
2010.07	31714
2010.86	31843.8
2011.64	32105.7
2012.43	31887.6
2013.21	31637.4
2014	31947.3
2014.78	31989.1
2015.57	32135
2016.35	31780.9
2017.13	32036.7
2017.92	32072.6
2018.7	32218.4
2019.49	32302.3
2020.27	32146.1
2021.05	32232
2021.83	32045.9
2022.62	32225.7
2023.4	32201.6
2024.18	32337.4
2024.96	32067.3
2025.75	32435.2
2026.53	32141
2027.31	32298.9
2028.09	32290.7
2028.87	32802.6
2029.65	32330.5
2030.43	32554.3
2031.21	32438.2
2031.99	32068
2032.77	32511.9
2033.55	32287.8
2034.33	32553.6
2035.11	32391.5
2035.89	32265.3
2036.67	32623.2
2037.45	32661
2038.23	32306.9
2039	32352.8
2039.78	32470.6
2040.56	32436.5
2041.34	32352.3
2042.11	32398.2
2042.89	32522.1
2043.67	32565.9
2044.44	32495.8
2045.22	32483.6
2046	32473.5
2046.77	32471.4
2047.55	32531.2
2048.32	32467.1
2049.1	32344.9
2049.87	32284.8
2050.65	32494.6
2051.42	32736.5
2052.2	32502.4
2052.97	32422.2
2053.75	32390.1
2054.52	32735.9
2055.29	32721.8
2056.07	32515.7
2056.84	32549.5
2057.61	32551.4
2058.39	32465.2
2059.16	32801.1
2059.93	32603
2060.7	32526.8
2061.48	32558.7
2062.25	32702.5
2063.02	32328.4
2063.79	32594.2
2064.56	32540.1
2065.33	32528
2066.1	32451.8
2066.87	32617.7
2067.64	32699.5
2068.41	32643.4
2069.18	32583.3
2069.95	32795.1
2070.72	32361
2071.49	32392.8
2072.26	32354.7
2073.03	32346.6
2073.8	32196.4
2074.57	32502.3
2075.34	32678.1
2076.1	32628
2076.87	32423.8
2077.64	32481.7
2078.41	32601.6
2079.17	32391.4
2079.94	32567.3
2080.71	32575.1
2081.47	32563
2082.24	32678.9
2083.01	32718.7
2083.77	32440.6
2084.54	32368.4
2085.3	32734.3
2086.07	32406.2
2086.83	32528
2087.6	32231.9
2088.36	32573.7
2089.13	32579.6
2089.89	32345.5
2090.65	32553.3
2091.42	32557.2
2092.18	32439
2092.95	32770.9
2093.71	32430.7
2094.47	32684.6
2095.23	32580.5
2096	32554.3
2096.76	32652.2
2097.52	32600
2098.28	32441.9
2099.04	32569.8
2099.8	32371.6
2100.57	32611.5
2101.33	32737.3
2102.09	32395.2
2102.85	32707.1
2103.61	32416.9
2104.37	32700.8
2105.13	32656.6
2105.89	32628.5
2106.65	32636.3
2107.41	32722.2
2108.17	32482.1
2108.92	32691.9
2109.68	32631.8
2110.44	32775.6
2111.2	32561.5
2111.96	32795.4
2112.72	32593.2
2113.47	32641.1
2114.23	32768.9
2114.99	32728.8
2115.75	32764.7
2116.5	32548.5
2117.26	32610.4
2118.01	32884.2
2118.77	32602.1
2119.53	32672
2120.28	32995.8
2121.04	32719.7
2121.79	32761.5
2122.55	32695.4
2123.3	32689.2
2124.06	32797.1
2124.81	32649
2125.57	33022.8
2126.32	32846.7
2127.07	33060.5
2127.83	32848.4
2128.58	32650.3
2129.33	32716.1
2130.09	32786
2130.84	32893.8
2131.59	32905.7
2132.34	32745.6
2133.1	32965.4
2133.85	32855.3
2134.6	32907.1
2135.35	32735
2136.1	32956.8
2136.85	33226.7
2137.6	33214.6
2138.35	33116.4
2139.1	33194.3
2139.85	33214.1
2140.6	33140
2141.35	33113.9
2142.1	33213.7
2142.85	33125.6
2143.6	33149.4
2144.35	33013.3
2145.1	33247.2
2145.85	33311
2146.59	33070.9
2147.34	33350.7
2148.09	33162.6
2148.84	33384.4
2149.59	33190.3
2150.33	32890.2
2151.08	33340
2151.83	33269.9
2152.57	33493.7
2153.32	33277.6
2154.07	33179.5
2154.81	33365.3
2155.56	33427.2
2156.3	33403
2157.05	33240.9
2157.79	33230.8
2158.54	33454.6
2159.28	33554.5
2160.03	33526.3
2160.77	33412.2
2161.51	33376.1
2162.26	33521.9
2163	33535.8
2163.74	33485.6
2164.49	33665.5
2165.23	33525.3
2165.97	33723.2
2166.72	33509.1
2167.46	33784.9
2168.2	33548.8
2168.94	33560.6
2169.68	33606.5
2170.42	33320.4
2171.17	33592.2
2171.91	33374.1
2172.65	33589.9
2173.39	33611.8
2174.13	33733.7
2174.87	33577.5
2175.61	33701.4
2176.35	33607.2
2177.09	33673.1
2177.83	33572.9
2178.56	33872.8
2179.3	33612.7
2180.04	33782.5
2180.78	33716.4
2181.52	33624.2
2182.26	33816.1
2182.99	33736
2183.73	33761.8
2184.47	33423.7
2185.21	33683.5
2185.94	33669.4
2186.68	33613.3
2187.42	33653.1
2188.15	33855
2188.89	33678.8
2189.63	33534.7
2190.36	33706.6
2191.1	33650.4
2191.83	33904.3
2192.57	33508.1
2193.3	33862
2194.04	33637.8
2194.77	33975.7
2195.5	33759.6
2196.24	33619.4
2196.97	33775.3
2197.7	33917.1
2198.44	33775
2199.17	33850.9
2199.9	33834.7
2200.64	33670.6
2201.37	33666.4
2202.1	33726.3
2202.83	33720.1
2203.57	33838
2204.3	33853.9
2205.03	33751.7
2205.76	33639.6
2206.49	33765.4
2207.22	34069.3
2207.95	33795.2
2208.68	33691
2209.41	33760.9
2210.14	33964.7
2210.87	33804.6
2211.6	33776.5
2212.33	33870.3
2213.06	33902.2
2213.79	33552
2214.52	33683.9
2215.25	33911.8
2215.97	33811.6
2216.7	33811.5
2217.43	34079.3
2218.16	33991.2
2218.88	33873
2219.61	33874.9
2220.34	33722.8
2221.06	34004.6
2221.79	33904.5
2222.52	34302.3
2223.24	33792.2
2223.97	34058.1
2224.69	33895.9
2225.42	33823.8
2226.14	33971.6
2226.87	33861.5
2227.59	33939.4
2228.32	34013.2
2229.04	34063.1
2229.77	34184.9
2230.49	34212.8
2231.21	34026.6
2231.94	34174.5
2232.66	34110.4
2233.38	34020.2
2234.11	34162.1
2234.83	34109.9
2235.55	34111.8
2236.27	34147.7
2237	34207.5
2237.72	34305.4
2238.44	34357.2
2239.16	34197.1
2239.88	34363
2240.6	34406.8
2241.32	34346.7
2242.04	34636.5
2242.76	34294.4
2243.48	34306.3
2244.2	34134.1
2244.92	34308
2245.64	34449.8
2246.36	34347.7
2247.08	34393.5
2247.8	34637.4
2248.52	34431.3
2249.24	34737.1
2249.95	34603
2250.67	34260.8
2251.39	34526.7
2252.11	34540.6
2252.83	34442.4
2253.54	34456.3
2254.26	34992.1
2254.98	34510
2255.69	34361.9
2256.41	34545.7
2257.12	34453.6
2257.84	34487.4
2258.56	34409.3
2259.27	34479.1
2259.99	34389
2260.7	34468.9
2261.42	34428.7
2262.13	34560.6
2262.85	34522.4
2263.56	34502.3
2264.27	34438.2
2264.99	34504
2265.7	34641.9
2266.41	34457.7
2267.13	34507.6
2267.84	34575.5
2268.55	34373.3
2269.26	34499.2
2269.98	34483
2270.69	34436.9
2271.4	34424.8
2272.11	34440.6
2272.82	34580.5
2273.53	34256.3
2274.24	34654.2
2274.95	34308
2275.67	34503.9
2276.38	34439.8
2277.09	34397.6
2277.8	34361.5
2278.5	34029.3
2279.22	34245.2
2279.92	34379.1
2280.63	34332.9
2281.34	34370.8
2282.05	34502.6
2282.76	34198.5
2283.47	34224.4
2284.17	34216.2
2284.88	34238.1
2285.59	33917.9
2286.3	34169.8
2287	34403.6
2287.71	34171.5
2288.42	34273.4
2289.12	33985.2
2289.83	34041.1
2290.54	33932.9
2291.24	33856.8
2291.95	34098.7
2292.65	34126.5
2293.36	34058.4
2294.06	33986.2
2294.77	34164.1
2295.47	33820
2296.18	33891.8
2296.88	33809.7
2297.58	33951.5
2298.29	33863.4
2298.99	34067.3
2299.69	33877.1
2300.4	33807
2301.1	33864.8
2301.8	33934.7
2302.5	33510.5
2303.21	33802.4
2303.91	33718.3
2304.61	33858.1
2305.31	33728
2306.01	33871.8
2306.71	33873.7
2307.41	33873.6
2308.11	33837.4
2308.81	33777.3
2309.51	33561.1
2310.22	33631
2310.92	33526.9
2311.61	33668.7
2312.31	33732.6
2313.01	33840.4
2313.71	33890.3
2314.41	33746.1
2315.11	33780
2315.81	33725.9
2316.5	33379.7
2317.2	33761.6
2317.9	33817.4
2318.6	33615.3
2319.29	33915.2
2319.99	33701
2320.69	33508.9
2321.38	33804.7
2322.08	33594.6
2322.78	33672.5
2323.47	33896.3
2324.17	33788.2
2324.86	33716
2325.56	33609.9
2326.26	33805.8
2326.95	33761.6
2327.65	33749.5
2328.34	33867.3
2329.03	33865.2
2329.73	34043
2330.42	33892.9
2331.11	33732.8
2331.81	33716.6
2332.5	33852.5
2333.2	34116.3
2333.89	34016.2
2334.58	33914.1
2335.27	34001.9
2335.96	34111.8
2336.66	33959.6
2337.35	34087.5
2338.04	34001.3
2338.73	34057.2
2339.42	33877.1
2340.11	34140.9
2340.8	34058.8
2341.49	34144.6
2342.18	34188.5
2342.87	34450.4
2343.56	34244.2
2344.25	34100.1
2344.94	34221.9
2345.63	34301.8
2346.32	34189.7
2347.01	34331.5
2347.7	34615.4
2348.38	34441.2
2349.07	34227.1
2349.76	34436.9
2350.45	34414.8
2351.14	34652.7
2351.82	34454.5
2352.51	34430.4
2353.2	34744.2
2353.88	34492.1
2354.57	34780
2355.25	34619.8
2355.94	34657.7
2356.63	34777.5
2357.31	34545.4
2358	34685.3
2358.68	34807.1
2359.37	34853
2360.05	34618.8
2360.74	34786.7
2361.42	34930.6
2362.1	34808.4
2362.79	34910.3
2363.47	34816.1
2364.16	35066
2364.84	34887.8
2365.52	34637.7
2366.2	34777.6
2366.89	35015.4
2367.57	34975.3
2368.25	35021.1
2368.93	34969
2369.61	34918.9
2370.29	34530.7
2370.98	35140.6
2371.66	35188.4
2372.34	35080.3
2373.02	34952.2
2373.7	35106
2374.38	35189.9
2375.06	35023.7
2375.74	34995.6
2376.42	34941.4
2377.1	34947.3
2377.78	34897.2
2378.46	35229
2379.13	34950.9
2379.81	34936.7
2380.49	35392.6
2381.17	35288.5
2381.85	34766.3
2382.52	34942.2
2383.2	35106
2383.88	34903.9
2384.55	35059.1
2385.23	35093.8
2385.91	35094.6
2386.58	34953.8
2387.26	34890.4
2387.94	34958.3
2388.61	35194.1
2389.29	34957.2
2389.96	35078.3
2390.64	34906.6
2391.31	35082.4
2391.99	35191.7
2392.66	34976.8
2393.33	35033.8
2394.01	34986.4
2394.68	35002.1
2395.36	34965.3
2396.03	35024.6
2396.7	35194.7
2397.38	34974.6
2398.05	34917.5
2398.72	34904.9
2399.39	35436.2
2400.06	35202.1
2400.74	35039.7
2401.41	35083.3
2402.08	35021.7
2402.75	34946.5
2403.42	34880.3
2404.09	34868.9
2404.76	34965.8
2405.43	34949.5
2406.1	34869.1
2406.77	34988.4
2407.44	34914.1
2408.11	34690.9
2408.78	35052.2
2409.45	34891.5
2410.12	34909.9
2410.79	34879.4
2411.46	35007
2412.12	34854.6
2412.79	34858.5
2413.46	34957.3
2414.13	34962.6
2414.79	34865.6
2415.46	34907.6
2416.13	35039.8
2416.8	34904.1
2417.46	34979.8
2418.13	34902.5
2418.79	34854.2
2419.46	35011.7
2420.13	34729.9
2420.79	34937.1
2421.46	34981
2422.12	34801.1
2422.79	34931.5
2423.45	34759.9
2424.11	34947.5
2424.78	35059
2425.44	34942.8
2426.11	34987.7
2426.77	35035.5
2427.43	34954.1
2428.09	34953.1
2428.76	35096.2
2429.42	35165.2
2430.08	35089.7
2430.75	35145.1
2431.41	35147.4
2432.07	35086.7
2432.73	35130.7
2433.39	35018.9
2434.05	35216.1
2434.71	35180.7
2435.37	35165.4
2436.04	35171.6
2436.7	34927.1
2437.35	35109.5
2438.01	35288.5
2438.67	35257.8
2439.33	35223.8
2439.99	35236.6
2440.65	35353
2441.31	35313.9
2441.97	35387.7
2442.63	35280.7
2443.29	35416.3
2443.94	35326.6
2444.6	35324.9
2445.26	35407.1
2445.92	35448.1
2446.57	35471.3
2447.23	35352.1
2447.89	35364.8
2448.54	35443.8
2449.2	35447.4
2449.86	35450.9
2450.51	35643.4
2451.17	35477.1
2451.82	35454.5
2452.48	35647.9
2453.13	35737.5
2453.79	35784
2454.44	35690.2
2455.09	35679.2
2455.75	35670.1
2456.4	35752
2457.06	35829.6
2457.71	35730.6
2458.36	35651.1
2458.74	35668.2
2459.46	35613.4
2460.19	35768.6
2460.91	35637.9
2461.64	35783.1
2462.36	35872.3
2463.08	35683.5
2463.8	35940.7
2464.53	36057.9
2465.25	35539.2
2465.97	35974.4
2466.69	35751.6
2467.41	35622.8
2468.14	35836
2468.86	35735.2
2469.58	35964.5
2470.3	35971.7
2471.02	35868.9
2471.74	36004.1
2472.46	36115.3
2473.18	35814.5
2473.9	35743.8
2474.62	35649
2475.34	35898.2
2476.06	35943.4
2476.78	35834.6
2477.5	36131.8
2478.22	35897
2478.94	35930.3
2479.66	35769.5
2480.38	35940.7
2481.09	35865.9
2481.81	36009.1
2482.53	35644.3
2483.25	36105.6
2483.97	35886.8
2484.68	35866
2485.4	36063.2
2486.12	36070.4
2486.83	35937.6
2487.55	35916.9
2488.27	35952.1
2488.98	36035.3
2489.7	35666.5
2490.41	36015.7
2491.13	35624.9
2491.85	35796.1
2492.56	35839.4
2493.28	36240.6
2493.99	36029.8
2494.71	35823
2495.42	36002.2
2496.13	35939.4
2496.85	35890.7
2497.56	35995.9
2498.28	35933.1
2498.99	35776.3
2499.7	35891.5
2500.42	36014.7
2501.13	35778
2501.84	35769.2
2502.55	35886.4
2503.27	35997.6
2503.98	35900.8
2504.69	35896
2505.4	35985.2
2506.12	36594.5
2506.83	36143.7
2507.54	35706.9
2508.25	36090.1
2508.96	35971.3
2509.67	35746.5
2510.38	35821.8
2511.09	35589
2511.8	36014.2
2512.51	35745.4
2513.22	35782.6
2513.93	35933.8
2514.64	35785.1
2515.35	35786.3
2516.06	35709.5
2516.77	35876.7
2517.48	35871.9
2518.18	36039.1
2518.89	35778.3
2519.6	35919.6
2520.31	35750.8
2521.02	36028
2521.72	35805.2
2522.43	35916.4
2523.14	36065.6
2523.85	36066.9
2524.55	35698.1
2525.26	36021.3
2525.96	35716.5
2526.67	35623.7
2527.38	35860.9
2528.08	35736.2
2528.79	36251.4
2529.49	35864.6
2530.2	36251.8
2530.9	35775
2531.61	36170.2
2532.31	36037.4
2533.02	35820.7
2533.72	36075.9
2534.43	35815.1
2535.13	35838.3
2535.83	35657.5
2536.54	35864.7
2537.24	35976
2537.95	35767.2
2538.65	35928.4
2539.35	35843.6
2540.05	35908.8
2540.76	35834
2541.46	36011.3
2542.16	36172.5
2542.86	35771.7
2543.56	35682.9
2544.26	35838.1
2544.97	35733.3
2545.67	35824.6
2546.37	35881.8
2547.07	35801
2547.77	35766.2
2548.47	35795.4
2549.17	35948.6
2549.87	36083.8
2550.57	35791.1
2551.27	36026.3
2551.97	35721.5
2552.67	35780.7
2553.37	35869.9
2554.06	36083.1
2554.76	35836.4
2555.46	35843.6
2556.16	36068.8
2556.86	36102
2557.56	35949.2
2558.25	35864.4
2558.95	36007.7
2559.65	36068.9
2560.35	35890.1
2561.04	35993.3
2561.74	36134.5
2562.44	35883.7
2563.13	36074.9
2563.83	36008.2
2564.52	35991.4
2565.22	36072.6
2565.92	35973.8
2566.61	36559
2567.31	36298.2
2568	35945.5
2568.7	35954.7
2569.39	36129.9
2570.09	35993.1
2570.78	35882.3
2571.47	36187.5
2572.17	35994.8
2572.86	36180
2573.56	36229.2
2574.25	36248.4
2574.94	36449.6
2575.63	36062.8
2576.33	36170
2577.02	36435.3
2577.71	36250.5
2578.4	36349.7
2579.1	36418.9
2579.79	36186.1
2580.48	35999.3
2581.17	36278.6
2581.86	36261.8
2582.55	36309
2583.24	36172.2
2583.94	35949.4
2584.63	35996.6
2585.32	36115.9
2586.01	36429.1
2586.7	36290.3
2587.39	35959.5
2588.07	36092.7
2588.76	36195.9
2589.45	36127.1
2590.14	36252.4
2590.83	36185.6
2591.52	36148.8
2592.21	36126
2592.9	36293.2
2593.58	36240.4
2594.27	36149.7
2594.96	36116.9
2595.65	36146.1
2596.33	36297.3
2597.02	36426.5
2597.71	36291.7
2598.4	36191
2599.08	36398.2
2599.77	36109.4
2600.45	36198.6
2601.14	36319.8
2601.82	35943
2602.51	36146.3
2603.2	36023.5
2603.88	36170.7
2604.57	36065.9
2605.25	36419.1
2605.94	36080.3
2606.62	36173.5
2607.31	36288.8
2607.99	36106
2608.67	36089.2
2609.36	35956.4
2610.04	36201.6
2610.72	36010.8
2611.41	36316.1
2612.09	36249.3
2612.77	36406.5
2613.45	36095.7
2614.14	36128.9
2614.82	36110.1
2615.5	35991.4
2616.18	36348.6
2616.86	36061.8
2617.54	36191
2618.23	36274.2
2618.91	36211.4
2619.59	36050.6
2620.27	36053.9
2620.95	36131.1
2621.63	36068.3
2622.31	35935.5
2622.99	36108.7
2623.67	36041.9
2624.35	36139.2
2625.03	36220.4
2625.71	35981.6
2626.38	36124.8
2627.06	36334
2627.74	36137.2
2628.42	36206.4
2629.1	36161.7
2629.78	36184.9
2630.45	36102.1
2631.13	36195.3
2631.81	36198.5
2632.49	36275.7
2633.16	36321
2633.84	36410.2
2634.52	36425.4
2635.19	36108.6
2635.87	36289.8
2636.54	36067
2637.22	36184.3
2637.9	36419.5
2638.57	36508.7
2639.25	36413.9
2639.92	36209.1
2640.6	36320.3
2641.27	36279.6
2641.95	36218.8
2642.62	36322
2643.29	36071.2
2643.97	36448.4
2644.64	36331.6
2645.31	36624.8
2645.99	36410.1
2646.66	36417.3
2647.33	36494.5
2648.01	36557.7
2648.68	36364.9
2649.35	36780.1
2650.02	36365.4
2650.7	36428.6
2651.37	36547.8
2652.04	36695
2652.71	36486.2
2653.38	36571.4
2654.05	36542.7
2654.72	36635.9
2655.4	36815.1
2656.07	36504.3
2656.74	36599.5
2657.41	36554.7
2658.08	36795.9
2658.75	36819.2
2659.41	36882.4
2660.08	36481.6
2660.75	36994.8
2661.42	36588
2662.09	36589.2
2662.76	36724.5
2663.43	36569.7
2664.1	36498.9
2664.77	36342.1
2665.43	36809.3
2666.1	36722.5
2666.77	36499.8
2667.44	36885
2668.1	36660.2
2668.77	36679.4
2669.43	36598.6
2670.1	36623.8
2670.77	36867.1
2671.43	36586.3
2672.1	36673.5
2672.76	36634.7
2673.43	36613.9
2674.1	36659.1
2674.76	36782.3
2675.43	36731.6
2676.09	36482.8
2676.76	36678
2677.42	36775.2
2678.08	36836.4
2678.75	36835.6
2679.41	36594.9
2680.07	36728.1
2680.74	36481.3
2681.4	36850.5
2682.06	36795.7
2682.73	36616.9
2683.39	36714.1
2684.05	36695.4
2684.71	36622.6
2685.38	36543.8
2686.04	36573
2686.7	36370.2
2687.36	36533.4
2688.02	36310.7
2688.68	36703.9
2689.35	36723.1
2690.01	36414.3
2690.67	36529.5
2691.33	36548.7
2691.99	36424
2692.65	36505.2
2693.31	36392.4
2693.97	36307.6
2694.63	36568.8
2695.28	36526
2695.94	36491.3
2696.6	36366.5
2697.26	36735.7
2697.92	36602.9
2698.58	36356.1
2699.24	36229.3
2699.89	36516.5
2700.55	36509.8
2701.21	36495
2701.87	36194.2
2702.52	36143.4
2703.18	36048.6
2703.84	36557.8
2704.49	36307.1
2705.15	36272.3
2705.81	36309.5
2706.46	36506.7
2707.12	36203.9
2707.77	36249.1
2708.43	36360.4
2709.08	36045.6
2709.74	36242.8
2710.39	36172
2711.05	36121.2
2711.7	35888.4
2712.36	36135.6
2713.01	35856.9
2713.66	36162.1
2714.32	36217.3
2714.97	36236.5
2715.62	36087.7
2716.28	36008.9
2716.93	36086.2
2717.58	36267.4
2718.24	36218.6
2718.89	36291.8
2719.54	36153
2720.19	36308.2
2720.84	36183.5
2721.5	36294.7
2722.15	36273.9
2722.8	36309.1
2723.45	36010.3
2724.1	36271.5
2724.75	36266.8
2725.4	36512
2726.05	36209.2
2726.7	36166.4
2727.35	35985.6
2728	35908.8
2728.65	36108
2729.3	36119.3
2729.95	36250.5
2730.6	35953.7
2731.24	35964.9
2731.89	35964.1
2732.54	36091.3
2733.19	36040.6
2733.84	36067.8
2734.48	36077
2735.13	36536.2
2735.78	36101.4
2736.43	36036.6
2737.07	36099.8
2737.72	36079.1
2738.37	36452.3
2739.01	36391.5
2739.66	36002.7
2740.3	36449.9
2740.95	36379.1
2741.6	36448.4
2742.24	36243.6
2742.89	36242.8
2743.53	36332
2744.18	36401.2
2744.82	36450.4
2745.47	36287.7
2746.11	36390.9
2746.75	36198.1
2747.4	36369.3
2748.04	36406.5
2748.69	36601.7
2749.33	36326.9
2749.97	36288.2
2750.61	36493.4
2751.26	36284.6
2751.9	36291.8
2752.54	36475
2753.18	36496.2
2753.83	36075.5
2754.47	36350.7
2755.11	36283.9
2755.75	36431.1
2756.39	36436.3
2757.03	36669.5
2757.67	36432.8
2758.31	36516
2758.95	36427.2
2759.59	36624.4
2760.23	36405.6
2760.87	36254.8
2761.51	36286.1
2762.15	36481.3
2762.79	36434.5
2763.43	36511.7
2764.07	36468.9
2764.71	36710.1
2765.35	36543.3
2765.99	36534.6
2766.62	36521.8
2767.26	36573
2767.9	36398
2768.54	36672.9
2769.17	36367.9
2769.81	36640.9
2770.45	36567.9
2771.08	36478.8
2771.72	36621.8
2772.36	36786.8
2772.99	36499.8
2773.63	36466.7
2774.27	36587.7
2774.9	36426.7
2775.54	36531.7
2776.17	36520.6
2776.81	36649.6
2777.44	36948.6
2778.08	36733.6
2778.71	36772.5
2779.34	36563.5
2779.98	36564.5
2780.61	36757.5
2781.25	36870.4
2781.88	36347.4
2782.51	36712.4
2783.15	36805.4
2783.78	36700.3
2784.41	36483.3
2785.04	36432.3
2785.68	36755.3
2786.31	36610.2
2786.94	36663.2
2787.57	36676.2
2788.2	36637.1
2788.83	36754.1
2789.47	36663.1
2790.1	36684.1
2790.73	37037
2791.36	36756
2791.99	36657
2792.62	36586
2793.25	36736.9
2793.88	36651.9
2794.51	36650.9
2795.14	36735.9
2795.77	36806.8
2796.4	36945.8
2797.02	36800.8
2797.65	36607.8
2798.28	36446.7
2798.91	36605.7
2799.54	36732.7
2800.16	36651.7
2800.79	36774.6
2801.42	36503.6
2802.05	36704.6
2802.67	36603.6
2803.3	36774.5
2803.93	36667.5
2804.55	36520.5
2805.18	36801.5
2805.81	36668.4
2806.43	36647.4
2807.06	36480.4
2807.68	36751.4
2808.31	36626.3
2808.93	36401.3
2809.56	36474.3
2810.18	36439.2
2810.81	36384.2
2811.43	36223.2
2812.06	36346.2
2812.68	36617.1
2813.3	36558.1
2813.93	36499.1
2814.55	36482.1
2815.18	36693
2815.8	36644
2816.42	36355
2817.04	36556
2817.67	36466.9
2818.29	36475.9
2818.91	36322.9
2819.53	36487.9
2820.15	36316.8
2820.78	36349.8
2821.4	36454.8
2822.02	36439.8
2822.64	36370.7
2823.26	36543.7
2823.88	36462.7
2824.5	36503.7
2825.12	36406.6
2825.74	36769.6
2826.36	36576.6
2826.98	36279.6
2827.6	36506.5
2828.22	36601.5
2828.84	36352.5
2829.46	36481.5
2830.08	36430.4
2830.69	36397.4
2831.31	36506.4
2831.93	36351.3
2832.55	36550.3
2833.17	36465.3
2833.78	36460.3
2834.4	36747.2
2835.02	36448.2
2835.63	36493.2
2836.25	36386.2
2836.87	36519.1
2837.48	36466.1
2838.1	36303.1
2838.72	36472.1
2839.33	36455
2839.95	36480
2840.56	36309
2841.18	36338
2841.79	36276.9
2842.41	36413.9
2843.02	36584.9
2843.64	36725.9
2844.25	36404.8
2844.86	36475.8
2845.48	36614.8
2846.09	36587.8
2846.7	36410.7
2847.32	36531.7
2847.93	36464.7
2848.54	36497.7
2849.16	36580.6
2849.77	36685.6
2850.38	36584.6
2850.99	36691.6
2851.6	36804.5
2852.22	36353.5
2852.83	36384.5
2853.44	36625.4
2854.05	36868.4
2854.66	36755.4
2855.27	36588.4
2855.88	36599.3
2856.49	36804.3
2857.1	36665.3
2857.71	36644.3
2858.32	36527.2
2858.93	36656.2
2859.54	36509.2
2860.15	36714.2
2860.76	36611.1
2861.37	36606.1
2861.98	36511.1
2862.58	36558.1
2863.19	36589
2863.8	36664
2864.41	36719
2865.01	36684
2865.62	36540.9
2866.23	36879.9
2866.84	36706.9
2867.44	36991.9
2868.05	36916.8
2868.66	36799.8
2869.26	36776.8
2869.87	36857.8
2870.47	36768.7
2871.08	36991.7
2871.69	36946.7
2872.29	36735.7
2872.9	36706.6
2873.5	36675.6
2874.11	36746.6
2874.71	36773.6
2875.31	36670.5
2875.92	36789.5
2876.52	36944.5
2877.13	36957.4
2877.73	36864.4
2878.33	37009.4
2878.94	36720.4
2879.54	36759.3
2880.14	36728.3
2880.74	36923.3
2881.35	36572.3
2881.95	36627.2
2882.55	36866.2
2883.15	37197.2
2883.75	36584.2
2884.36	37237.1
2884.96	36978.1
2885.56	37061.1
2886.16	36932.1
2886.76	36895
2887.36	36828
2887.96	37015
2888.56	36956
2889.16	36944.9
2889.76	36623.9
2890.36	36888.9
2890.96	36795.9
2891.56	37036.8
2892.16	36877.8
2892.76	36990.8
2893.35	36923.8
2893.95	36802.7
2894.55	37173.7
2895.15	36882.7
2895.75	36945.7
2896.34	36974.6
2896.94	36991.6
2897.54	37004.6
2898.13	37125.6
2898.73	37144.5
2899.33	37221.5
2899.92	37252.5
2900.52	37213.4
2901.12	36962.4
2901.71	37229.4
2902.31	36908.4
2902.9	37303.3
2903.5	37066.3
2904.09	36999.3
2904.69	36898.3
2905.28	37087.2
2905.88	37038.2
2906.47	36959.2
2907.07	37002.2
2907.66	37203.1
2908.25	37044.1
2908.85	37057.1
2909.44	37188.1
2910.03	36961
2910.63	37004
2911.22	37033
2911.81	37046
2912.4	36854.9
2913	36781.9
2913.59	36954.9
2914.18	37027.9
2914.77	36818.8
2915.36	36805.8
2915.95	36700.8
2916.54	37011.8
2917.13	36996.7
2917.73	37123.7
2918.32	36798.7
2918.91	37013.7
2919.5	36744.6
2920.09	36925.6
2920.68	36760.6
2921.26	36901.5
2921.85	37056.5
2922.44	36987.5
2923.03	36846.5
2923.62	36695.4
2924.21	36758.4
2924.8	36849.4
2925.39	36830.4
2925.97	36931.3
2926.56	36578.3
2927.15	36923.3
2927.73	36668.3
2928.32	36697.2
2928.91	36706.2
2929.5	36717.2
2930.08	36998.2
2930.67	36613.1
2931.26	36878.1
2931.84	36713.1
2932.43	36780.1
2933.01	36885
2933.6	36770
2934.18	36921
2934.77	36732
2935.35	36954.9
2935.94	36433.9
2936.52	36720.9
2937.11	36705.9
2937.69	36846.8
2938.27	36857.8
2938.86	36868.8
2939.44	36779.8
2940.02	36824.7
2940.61	36819.7
2941.19	36930.7
2941.77	36995.6
2942.35	36876.6
2942.94	36749.6
2943.52	36856.6
2944.1	36997.5
2944.68	36736.5
2945.26	36815.5
2945.84	36846.5
2946.42	37105.4
2947.01	36704.4
2947.59	36863.4
2948.17	36946.4
2948.75	36733.3
2949.33	36892.3
2949.91	36909.3
2950.49	36710.3
2951.07	36909.2
2951.65	36980.2
2952.23	36795.2
2952.8	36882.2
2953.38	36709.3
2953.96	36979.6
2954.54	37168.9
2955.12	36954.1
2955.7	36751.6
2956.27	36681.3
2956.85	36740
2957.43	36874.7
2958.01	36985.7
2958.58	37194.3
2959.16	37082.8
2959.74	37005.5
2960.31	36758.6
2960.89	36792.2
2961.46	36900
2962.04	36909.9
2962.62	36882.1
2963.19	36843.7
2963.77	36966
2964.34	36979.3
2964.92	36933.5
2965.49	37087.8
2966.07	37361.4
2966.64	37043.3
2967.21	36984.3
2967.79	37033.5
2968.36	37105.3
2968.94	36968.6
2969.51	36907.2
2970.08	37159.2
2970.66	37061
2971.23	36906.4
2971.8	37025.8
2972.37	37047.9
2972.95	37085.4
2973.52	37072.8
2974.09	37086.7
2974.66	37014.1
2975.23	36948.7
2975.8	37209.4
2976.37	37122.6
2976.94	37410.5
2977.51	37138.6
2978.09	37076.2
2978.65	37203.4
2979.23	37125.7
2979.79	37051.6
2980.36	37268.3
2980.93	37074.4
2981.5	37180.4
2982.07	37054.3
2982.64	37091
2983.21	37275
2983.78	37115.3
2984.35	37125.7
2984.92	37148.2
2985.48	37137.1
2986.05	37106.9
2986.62	37109.8
2987.18	37039.4
2987.75	37073.5
2988.32	37100.7
2988.89	37160.7
2989.45	37176.9
2990.02	37174.8
2990.58	37069.5
2991.15	37302.9
2991.72	37078.7
2992.28	37182
2992.85	37086.8
2993.41	37079.3
2993.98	37332.7
2994.54	37377
2995.11	37182.5
2995.67	37341
2996.24	37255
2996.8	37371.7
2997.36	37274.6
2997.93	37245.4
2998.49	37219.9
2999.05	37163.2
2999.62	37231.2
3000.18	37286.4
3000.74	37276.3
3001.3	37276.8
3001.87	37314.4
3002.43	37293.9
3002.99	37356.5
3003.55	37254.1
3004.11	37126.6
3004.67	37174.9
3005.24	37259.5
3005.8	37363.7
3006.36	37327.1
3006.92	37169.3
3007.48	37375.5
3008.04	37236.6
3008.6	37315.3
3009.16	37322.4
3009.72	37344.9
3010.28	37302.6
3010.84	37203.7
3011.4	37130.8
3011.95	37239
3012.51	37218.1
3013.07	37165.6
3013.63	37219.6
3014.19	37265.1
3014.74	37367.3
3015.3	37390.8
3015.86	37218.9
3016.33	37165.1
3016.96	37336.8
3017.59	37250.6
3018.22	37476.3
3018.84	37166.1
3019.47	37369.8
3020.1	37385.6
3020.73	37201.3
3021.35	37425.1
3021.98	37294.8
3022.61	37098.6
3023.23	37136.3
3023.86	37132.1
3024.49	37145.8
3025.11	37339.6
3025.74	37005.3
3026.36	37135.1
3026.99	37288.8
3027.61	37306.6
3028.24	37228.3
3028.86	37012
3029.49	37445.8
3030.11	36895.5
3030.74	36907.3
3031.36	37377
3031.99	37098.8
3032.61	37114.5
3033.23	37104.3
3033.86	36948
3034.48	37221.8
3035.1	37229.5
3035.73	37069.3
3036.35	36867
3036.97	36884.8
3037.6	37022.5
3038.22	36946.3
3038.84	37026
3039.46	37081.8
3040.08	36949.5
3040.71	36841.3
3041.33	36849
3041.95	36730.8
3042.57	37004.5
3043.19	37148.3
3043.81	36996
3044.43	37017.8
3045.05	36915.5
3045.67	37003.2
3046.29	36755
3046.91	36926.7
3047.53	37142.5
3048.15	36796.2
3048.77	36748
3049.39	36867.7
3050.01	36985.5
3050.63	36821.2
3051.25	36953
3051.87	36824.7
3052.49	36770.5
3053.1	36942.2
3053.72	36710
3054.34	36865.7
3054.96	36521.5
3055.57	36877.2
3056.19	37023
3056.81	36830.7
3057.43	36722.5
3058.04	36710.2
3058.66	37110
3059.28	36871.7
3059.89	36801.4
3060.51	36763.2
3061.13	36648.9
3061.74	36870.7
3062.36	36504.4
3062.97	36896.2
3063.59	36753.9
3064.2	36601.7
3064.82	36693.4
3065.43	36663.2
3066.05	36592.9
3066.66	36790.7
3067.28	36778.4
3067.89	36550.2
3068.51	36747.9
3069.12	36801.7
3069.73	37037.4
3070.35	36715.2
3070.96	36964.9
3071.57	36748.7
3072.19	36838.4
3072.8	36696.2
3073.41	36833.9
3074.02	36831.7
3074.64	36583.4
3075.25	36767.2
3075.86	36510.9
3076.47	36672.6
3077.08	36646.4
3077.69	36478.1
3078.31	36675.9
3078.92	36835.6
3079.53	36443.4
3080.14	36559.1
3080.75	36772.9
3081.36	36440.6
3081.97	36718.4
3082.58	36642.1
3083.19	36845.9
3083.8	36845.6
3084.41	36691.4
3085.02	36671.1
3085.63	36670.9
3086.24	36546.6
3086.84	36694.4
3087.45	36798.1
3088.06	36619.9
3088.67	36753.6
3089.28	36885.4
3089.89	36513.1
3090.49	36614.9
3091.1	36718.6
3091.71	36784.4
3092.32	36592.1
3092.92	36833.8
3093.53	36475.6
3094.14	36579.3
3094.74	36723.1
3095.35	36804.8
3095.96	36924.6
3096.56	36980.3
3097.17	36784.1
3097.77	36767.8
3098.38	36841.6
3098.99	36737.3
3099.59	36645.1
3100.2	36654.8
3100.8	36914.6
3101.4	36594.3
3102.01	36442.1
3102.61	36627.8
3103.22	36535.6
3103.82	36563.3
3104.43	36659.1
3105.03	36554.8
3105.63	36656.6
3106.24	36552.3
3106.84	36566.1
3107.44	36487.8
3108.05	36409.6
3108.65	36593.3
3109.25	36447
3109.85	36504.8
3110.45	36430.5
3111.06	36632.3
3111.66	36768
3112.26	36433.8
3112.86	36649.5
3113.46	36627.3
3114.06	36553
3114.66	36378.8
3115.26	36680.5
3115.86	36700.3
3116.47	36594
3117.07	36431.8
3117.67	36601.5
3118.27	36669.3
3118.87	36681
3119.46	36572.8
3120.06	36290.5
3120.66	36606.3
3121.26	36698
3121.86	36543.8
3122.46	36895.5
3123.06	36517.3
3123.66	36615
3124.26	36558.8
3124.85	36768.5
3125.45	36660.2
3126.05	36518
3126.64	36573.7
3127.24	36857.5
3127.84	36513.2
3128.44	36747
3129.03	36424.7
3129.63	36556.5
3130.23	36880.2
3130.82	36410
3131.42	36525.7
3132.01	36515.5
3132.61	36501.2
3133.2	36713
3133.8	36382.7
3134.4	36696.5
3134.99	36508.2
3135.59	36524
3136.18	36555.7
3136.78	36941.5
3137.37	36671.2
3137.96	36249
3138.56	36506.7
3139.15	36502.4
3139.74	36550.2
3140.34	36299.9
3140.93	36721.7
3141.52	36535.4
3142.12	36637.2
3142.71	36578.9
3143.3	36768.7
3143.9	36464.4
3144.49	36636.2
3145.08	36491.9
3145.67	36783.7
3146.26	36693.4
3146.85	36655.2
3147.45	36686.9
3148.04	36586.7
3148.63	36576.4
3149.22	36390.2
3149.81	36607.9
3150.4	36573.7
3150.99	36529.4
3151.58	36287.2
3152.17	36386.9
3152.76	36538.7
3153.35	36474.4
3153.94	36330.2
3154.53	36313.9
3155.12	36711.6
3155.71	36463.4
3156.29	36685.1
3156.88	36532.9
3157.47	36632.6
3158.06	36336.4
3158.65	36630.1
3159.24	36481.9
3159.82	36587.6
3160.41	36715.4
3161	36511.1
3161.59	36484.9
3162.17	36488.6
3162.76	36230.4
3163.35	36164.1
3163.93	36423.9
3164.52	36359.6
3165.1	36439.4
3165.69	36211.1
3166.28	36392.9
3166.86	36296.6
3167.45	36488.4
3168.03	36704.1
3168.62	36261.9
3169.2	36657.6
3169.79	36197.4
3170.37	36165.1
3170.96	36452.8
3171.54	36360.6
3172.12	36496.3
3172.71	36426.1
3173.29	36663.8
3173.88	36345.6
3174.46	36407.3
3175.04	36351.1
3175.63	36410.8
3176.21	36428.6
3176.79	36384.3
3177.37	36318.1
3177.96	36383.8
3178.54	36485.6
3179.12	36353.3
3179.7	36457.1
3180.28	36176.8
3180.86	36764.6
3181.45	36402.3
3182.03	36492.1
3182.61	36297.8
3183.19	36611.6
3183.77	36439.3
3184.35	36611.1
3184.93	36376.8
3185.51	36514.6
3186.09	36442.3
3186.67	36638
3187.25	36563.8
3187.83	36523.5
3188.41	36521.3
3188.99	36203
3189.56	36482.8
3190.14	36516.5
3190.72	36386.3
3191.3	36548
3191.88	36163.8
3192.46	36587.5
3193.03	36401.3
3193.61	36499
3194.19	36668.8
3194.77	36314.5
3195.34	36514.3
3195.92	36650
3196.5	36615.8
3197.07	36463.5
3197.65	36311.3
3198.23	36775
3198.8	36482.8
3199.38	36364.5
3199.95	36578.3
