52.0496	25108
53.2157	29656
54.3838	33648
55.5496	36818
56.7153	39556
57.8808	40394
59.0462	40454
60.2114	40508
61.3765	40608
62.5415	41386
63.7063	41574
64.8709	41992
66.0333	42056
67.1977	42328
68.3619	42556
69.5239	42892
70.6857	43364
71.8495	43848
73.011	44140
74.1723	44980
75.3357	44896
76.4968	44910
77.6577	45256
78.8185	45240
79.9791	45202
81.1396	44604
82.3	44960
83.4581	45100
84.6181	45022
85.7781	45036
86.9357	44968
88.0954	45156
89.2527	45396
90.4121	45330
91.5691	45630
92.7282	45492
93.885	45764
95.0416	46568
96.1981	46600
97.3545	47738
98.5107	48252
99.6668	49032
100.823	50150
101.978	52186
103.132	54524
104.288	57384
105.443	60948
106.596	64848
107.751	64943
108.904	64943
110.059	64943
111.211	63718
112.363	59350
113.516	54728
114.668	52052
115.822	49378
116.974	47724
118.125	46678
119.275	46026
120.426	45720
121.577	45260
122.728	44778
123.877	44694
125.028	44626
126.177	44338
127.327	44394
128.475	43918
129.626	44524
130.774	44038
131.921	43918
133.069	43832
134.217	43912
135.364	43500
136.511	43704
137.658	43676
138.805	43376
139.952	43544
141.097	43498
142.243	43892
143.39	43628
144.534	43478
145.68	43620
146.824	43498
147.968	43510
149.114	43818
150.257	43624
151.4	43900
152.543	43864
153.687	44126
154.829	43818
155.972	43876
157.115	43372
158.255	43490
159.397	43680
160.54	43568
161.68	43656
162.822	43402
163.961	43574
165.103	43680
166.242	43922
167.381	44136
168.521	43756
169.662	44180
170.8	44548
171.939	44642
173.078	45174
174.214	45268
175.352	45934
176.49	46418
177.628	46368
178.764	47024
179.902	47648
181.037	47884
182.175	48484
183.31	48942
184.447	49540
185.582	50328
186.717	50816
187.851	51558
188.986	52770
190.12	53888
191.254	55192
192.388	56320
193.522	57890
194.654	59896
195.788	62316
196.921	64914
198.052	64943
199.186	64943
200.317	64943
201.448	64943
202.58	64943
203.711	64943
204.841	64943
205.972	64943
207.102	64943
208.232	64943
209.362	64943
210.492	64943
211.621	64943
212.749	64943
213.878	64943
215.005	64943
216.134	64943
217.261	64584
218.39	62026
219.516	60244
220.643	58298
221.769	56826
222.897	55854
224.023	54772
225.149	53450
226.273	52868
227.398	52332
228.524	51696
229.649	51224
230.772	51088
231.897	50698
233.022	50550
234.145	50330
235.267	50306
236.392	50168
237.514	50160
238.636	49902
239.758	50158
240.88	49868
242.002	49604
243.123	49868
244.245	49950
245.366	49844
246.487	49738
247.606	49672
248.727	49964
249.846	49860
250.967	49856
252.085	49888
253.205	50086
254.324	50116
255.442	50192
256.559	50086
257.677	50016
258.795	49994
259.912	49884
261.03	50016
262.147	50078
263.264	49786
264.379	49614
265.495	49638
266.612	50028
267.727	50260
268.841	49930
269.957	50070
271.071	50082
272.185	50062
273.299	50430
274.412	50094
275.526	50438
276.639	50492
277.752	50312
278.866	50596
279.978	50554
281.089	50938
282.202	50976
283.314	50840
284.425	51190
285.535	51148
286.647	51006
287.757	51188
288.867	51580
289.977	51262
291.088	51842
292.195	51772
293.305	51440
294.414	51958
295.523	51824
296.632	51966
297.738	51946
298.847	52028
299.955	52204
301.062	52478
302.168	52364
303.276	52544
304.382	52410
305.487	52862
306.593	52398
307.698	52384
308.804	52822
309.909	52516
311.014	52678
312.119	52694
313.224	52856
314.326	53278
315.431	53052
316.533	53258
317.637	52996
318.739	53020
319.841	53106
320.945	53154
322.047	53282
323.148	53564
324.25	53386
325.351	53308
326.452	53376
327.553	53064
328.652	53532
329.753	53546
330.853	53620
331.952	53716
333.052	53742
334.15	53742
335.248	54070
336.348	53600
337.446	54034
338.543	54276
339.641	54522
340.738	54478
341.835	54550
342.933	54956
344.03	54802
345.124	55284
346.221	55104
347.318	55456
348.412	55600
349.508	55850
350.602	55804
351.696	56092
352.792	56432
353.886	56332
354.979	56428
356.073	56476
357.166	56772
358.259	56824
359.35	56926
360.443	57380
361.536	57134
362.629	57062
363.719	57410
364.812	57668
365.902	57350
366.992	57646
368.084	57662
369.174	57610
370.264	57374
371.353	57752
372.443	57484
373.532	58268
374.621	57630
375.708	58068
376.797	58076
377.886	58156
378.972	58228
380.061	58114
381.147	58318
382.235	58522
383.322	58448
384.408	58660
385.493	59146
386.579	59054
387.665	59246
388.75	59040
389.835	59230
390.921	59056
392.004	59438
393.088	60068
394.173	59682
395.256	60262
396.34	60390
397.423	60402
398.505	60244
399.587	60668
400.671	60612
401.753	60772
402.835	60636
403.916	61242
404.998	61204
406.077	61294
407.158	61488
408.239	61850
409.318	61526
410.399	62282
411.478	62296
412.558	62422
413.637	62382
414.715	62862
415.793	62294
416.871	62666
417.949	62384
419.027	62710
420.104	62498
421.182	62538
422.259	62918
423.334	62628
424.411	62574
425.486	62710
426.563	62564
427.638	63188
428.712	62720
429.789	62746
430.863	62726
431.937	63096
433.011	63318
434.085	63008
435.159	63492
436.231	63580
437.304	63706
438.378	63532
439.449	63592
440.522	63972
441.593	63932
442.666	64344
443.737	64616
444.807	64736
445.878	64652
446.948	64920
448.019	64904
449.089	64943
450.159	64943
451.229	64943
452.296	64943
453.366	64943
454.435	64943
455.503	64943
456.572	64943
457.639	64943
458.706	64943
459.773	64943
460.839	64943
461.906	64943
462.973	64943
464.039	64943
465.105	64943
466.171	64943
467.237	64943
468.301	64943
469.367	64943
470.43	64943
471.496	64943
472.559	64943
473.622	64943
474.685	64943
475.748	64943
476.811	64943
477.873	64943
478.936	64943
479.998	64943
481.061	64943
482.121	64943
483.183	64943
484.243	64943
485.305	64943
486.364	64943
487.424	64943
488.485	64943
489.544	64943
490.604	64943
491.663	64943
492.721	64943
493.78	64943
494.837	64943
495.895	64943
496.954	64943
498.01	64943
499.068	64943
500.124	64943
501.18	64943
502.238	64943
503.294	64943
504.349	64943
505.404	64943
506.46	64943
507.515	64943
508.568	64943
509.623	64943
510.678	64943
511.73	64943
512.785	64943
513.837	64943
514.891	64943
515.943	64943
516.996	64943
518.047	64943
519.099	64943
520.151	64943
521.202	64943
522.254	64943
523.305	64943
524.354	64943
525.405	64943
526.454	64943
527.505	64943
528.554	64943
529.604	64943
530.653	64943
531.701	64943
532.749	64943
533.797	64943
534.845	64943
535.893	64943
536.94	64943
537.986	64943
539.033	64943
540.079	64943
541.126	64943
542.171	64943
543.218	64943
544.263	64943
545.307	64943
546.352	64943
547.397	64943
548.441	64943
549.485	64943
550.529	64943
551.571	64943
552.615	64943
553.657	64943
554.7	64943
555.742	64943
556.785	64943
557.826	64943
558.867	64943
559.909	64943
560.949	64943
561.99	64943
563.031	64943
564.071	64943
565.112	64943
566.15	64943
567.19	64943
568.228	64943
569.268	64943
570.306	64943
571.343	64943
572.381	64943
573.418	64943
574.456	64943
575.493	64943
576.53	64943
577.567	64943
578.604	64943
579.638	64943
580.675	64943
581.712	64943
582.746	64943
583.78	64943
584.814	64943
585.85	64943
586.884	64943
587.918	64943
588.951	64943
589.985	64943
591.016	64943
592.05	64943
593.083	64943
594.114	64943
595.147	64943
596.178	64943
597.21	64943
598.241	64943
599.271	64943
600.302	64943
601.332	64943
602.362	64943
603.392	64943
604.422	64943
605.449	64943
606.479	64943
607.509	64943
608.536	64943
609.563	64943
610.592	64943
611.619	64943
612.646	64943
613.673	64943
614.7	64943
615.726	64943
616.753	64943
617.779	64943
618.803	64943
619.829	64943
620.855	64943
621.879	64943
622.903	64943
623.929	64943
624.952	64943
625.976	64943
626.999	64943
628.022	64943
629.045	64943
630.068	64943
631.091	64943
632.111	64943
633.134	64943
634.154	64943
635.177	64943
636.197	64943
637.217	64943
638.239	64943
639.259	64943
640.279	64943
641.298	64943
642.318	64943
643.335	64943
644.355	64943
645.374	64943
646.391	64943
647.41	64943
648.427	64943
649.445	64943
650.462	64943
651.479	64943
652.495	64943
653.511	64943
654.527	64943
655.544	64943
656.559	64943
657.573	64943
658.589	64943
659.603	64943
660.618	64943
661.631	64943
662.647	64943
663.66	64943
664.673	64943
665.686	64943
666.698	64943
667.711	64943
668.724	64943
669.734	64943
670.746	64943
671.759	64943
672.769	64943
673.779	64943
674.791	64943
675.8	64943
676.81	64943
677.82	64943
678.829	64943
679.838	64943
680.848	64943
681.857	64943
682.866	64943
683.873	64943
684.881	64943
685.888	64943
686.896	64943
687.903	64943
688.909	64943
689.915	64943
690.922	64943
691.927	64943
692.933	64943
693.939	64943
694.945	64943
695.948	64943
696.954	64943
697.957	64943
698.962	64943
699.965	64943
700.968	64943
701.971	64943
702.974	64943
703.976	64943
704.979	64943
705.981	64943
706.984	64943
707.986	64943
708.986	64943
709.988	64943
710.988	64943
711.99	64943
712.989	64943
713.989	64943
714.988	64943
715.987	64943
716.987	64943
717.986	64943
718.985	64943
719.982	64943
720.98	64943
721.977	64943
722.976	64943
723.972	64943
724.97	64943
725.966	64943
726.963	64943
727.959	64943
728.954	64943
729.95	64943
730.946	64943
731.939	64943
732.935	64943
733.928	64943
734.924	64943
735.917	64943
736.912	64943
737.905	64943
738.897	64943
739.89	64943
740.883	64943
741.875	64943
742.867	64943
743.858	64943
744.85	64943
745.842	64943
746.832	64943
747.822	64943
748.813	64943
749.803	64943
750.792	64943
751.782	64943
752.771	64943
753.76	64943
754.749	64943
755.738	64943
756.725	64943
757.714	64943
758.701	64943
759.689	64943
760.676	64943
761.662	64943
762.648	64943
763.634	64943
764.62	64943
765.606	64943
766.592	64943
767.578	64943
768.563	64943
769.547	64943
770.532	64943
771.515	64943
772.498	64943
773.484	64943
774.466	64943
775.449	64943
776.432	64943
777.415	64943
778.395	64943
779.378	64943
780.36	64943
781.34	64943
782.322	64943
783.302	64943
784.284	64943
785.264	64943
786.244	64943
787.223	64943
788.203	64943
789.182	64943
790.161	64943
791.138	64943
792.117	64943
793.096	64943
794.073	64943
795.052	64943
796.029	64943
797.005	64943
797.982	64943
798.958	64943
799.934	64943
800.91	64943
801.886	64943
802.862	64943
803.836	64943
804.812	64943
805.785	64943
806.761	64943
807.734	64943
808.707	64943
809.681	64943
810.654	64943
811.627	64943
812.599	64943
813.572	64943
814.545	64943
815.516	64943
816.488	64943
817.458	64943
818.431	64943
819.401	64943
820.371	64943
821.341	64943
822.311	64943
823.28	64943
824.25	64943
825.219	64943
826.187	64943
827.156	64943
828.123	64943
829.093	64943
830.06	64943
831.027	64943
831.995	64943
832.962	64943
833.929	64943
834.895	64943
835.86	64943
836.826	64943
837.792	64943
838.756	64943
839.722	64943
840.686	64943
841.652	64943
842.616	64943
843.579	64943
844.543	64943
845.506	64943
846.47	64943
847.433	64943
848.394	64943
849.357	64943
850.32	64943
851.281	64943
852.241	64943
853.204	64943
854.165	64943
855.125	64943
856.085	64943
857.046	64943
858.006	64943
858.966	64943
859.924	64943
860.883	64943
861.841	64943
862.801	64943
863.758	64943
864.716	64943
865.673	64943
866.632	64943
867.589	64943
868.544	64943
869.501	64943
870.458	64943
871.415	64943
872.369	64943
873.326	64943
874.28	64943
875.235	64943
876.189	64943
877.145	64943
878.099	64943
879.053	64943
880.005	64943
880.959	64943
881.912	64943
882.864	64943
883.817	64943
884.769	64943
885.722	64943
886.673	64943
887.624	64943
888.575	64943
889.526	64943
890.477	64943
891.427	64943
892.378	64943
893.326	64943
894.277	64943
895.225	64943
896.175	64943
897.123	64943
898.071	64943
899.019	64943
899.967	64943
900.915	64943
901.862	64943
902.81	64943
903.757	64943
904.703	64943
905.65	64943
906.595	64943
907.54	64943
908.487	64943
909.432	64943
910.377	64943
911.321	64943
912.266	64943
913.208	64943
914.153	64943
915.097	64943
916.039	64943
916.983	64943
917.925	64943
918.867	64943
919.809	64943
920.752	64943
921.694	64943
922.634	64943
923.575	64943
924.516	64943
925.458	64943
926.397	64943
927.338	64943
928.277	64943
929.216	64943
930.156	64943
931.095	64943
932.033	64943
932.972	64943
933.908	64943
934.847	64943
935.785	64943
936.721	64943
937.659	64943
938.595	64943
939.533	64943
940.468	64943
941.404	64943
942.339	64943
943.275	64943
944.21	64943
945.146	64943
946.079	64943
947.014	64943
947.949	64943
948.882	64943
949.814	64943
950.747	64943
951.682	64943
952.614	64943
953.547	64943
954.479	64943
955.409	64943
956.341	64943
957.273	64943
958.203	64943
959.135	64943
960.065	64943
960.995	64943
961.924	64943
962.856	64943
963.785	64943
964.713	64943
965.642	64943
966.571	64943
967.5	64943
968.427	64943
969.356	64943
970.283	64943
971.209	64943
972.136	64943
973.062	64943
973.989	64943
974.915	64943
975.841	64943
976.767	64943
977.693	64943
978.617	64943
979.543	64943
980.467	64943
981.391	64943
982.314	64943
983.238	64943
984.161	64943
985.085	64943
986.008	64943
986.931	64943
987.854	64943
988.775	64943
989.698	64943
990.619	64943
991.539	64943
992.46	64943
993.383	64943
994.303	64943
995.223	64943
996.142	64943
997.062	64943
997.982	64943
998.9	64943
999.82	64943
1000.74	64943
1001.66	64943
1002.57	64943
1003.49	64943
1004.41	64943
1005.33	64943
1006.24	64943
1007.16	64943
1008.08	64943
1008.99	64943
1009.91	64943
1010.82	64943
1011.74	64943
1012.65	64943
1013.57	64943
1014.48	64943
1015.4	64943
1016.31	64943
1017.22	64943
1018.14	64943
1019.05	64943
1019.97	64943
1020.88	64943
1021.79	64943
1022.7	64943
1023.61	64943
1024.53	64943
1025.44	64943
1026.35	64943
1027.26	64943
1028.17	64943
1029.08	64943
1029.99	64943
1030.9	64943
1031.81	64943
1032.72	64943
1033.63	64943
1034.53	64943
1035.44	64943
1036.35	64943
1037.26	64943
1038.17	64943
1039.07	64943
1039.98	64943
1040.89	64943
1041.79	64943
1042.7	64943
1043.6	64943
1044.51	64943
1045.41	64943
1046.32	64943
1047.23	64943
1048.13	64943
1049.03	64943
1049.94	64943
1050.84	64943
1051.75	64943
1052.65	64943
1053.55	64943
1054.45	64943
1055.36	64943
