52.0496	144
53.2157	150.001
54.3838	180.001
55.5496	224.002
56.7153	222.002
57.8808	232.003
59.0462	224.004
60.2114	236.004
61.3765	230.005
62.5415	234.005
63.7063	232.006
64.8709	254.007
66.0333	238.007
67.1977	236.008
68.3619	236.008
69.5239	264.009
70.6857	262.009
71.8495	264.01
73.011	232.011
74.1723	260.011
75.3357	266.012
76.4968	278.012
77.6577	272.013
78.8185	270.014
79.9791	268.014
81.1396	272.015
82.3	256.015
83.4581	270.016
84.6181	264.017
85.7781	276.017
86.9357	240.018
88.0954	262.018
89.2527	276.019
90.4121	294.02
91.5691	298.02
92.7282	306.021
93.885	308.021
95.0416	314.022
96.1981	342.022
97.3545	382.023
98.5107	412.024
99.6668	442.024
100.823	470.025
101.978	532.025
103.132	662.026
104.288	750.027
105.443	950.027
106.596	1230.03
107.751	1672.03
108.904	2270.03
110.059	3262.03
111.211	4140.03
112.363	4380.03
113.516	3678.03
114.668	2634.03
115.822	1758.03
116.974	1228.03
118.125	856.034
119.275	692.034
120.426	562.035
121.577	452.035
122.728	404.036
123.877	380.037
125.028	308.037
126.177	292.038
127.327	278.038
128.475	270.039
129.626	258.04
130.774	238.04
131.921	236.041
133.069	230.041
134.217	240.042
135.364	220.043
136.511	206.043
137.658	206.044
138.805	214.044
139.952	220.045
141.097	218.046
142.243	198.046
143.39	200.047
144.534	202.047
145.68	186.048
146.824	190.049
147.968	200.049
149.114	180.05
150.257	164.05
151.4	188.051
152.543	180.051
153.687	176.052
154.829	178.053
155.972	176.053
157.115	174.054
158.255	166.054
159.397	180.055
160.54	154.056
161.68	178.056
162.822	172.057
163.961	180.057
165.103	152.058
166.242	154.059
167.381	156.059
168.521	170.06
169.662	166.06
170.8	154.061
171.939	172.062
173.078	166.062
174.214	150.063
175.352	166.063
176.49	172.064
177.628	184.064
178.764	182.065
179.902	208.066
181.037	204.066
182.175	200.067
183.31	224.067
184.447	202.068
185.582	242.069
186.717	252.069
187.851	258.07
188.986	270.07
190.12	306.071
191.254	304.072
192.388	324.072
193.522	374.073
194.654	380.073
195.788	430.074
196.921	490.075
198.052	536.075
199.186	620.076
200.317	694.076
201.448	856.077
202.58	962.078
203.711	1244.08
204.841	1484.08
205.972	1792.08
207.102	2180.08
208.232	2402.08
209.362	2548.08
210.492	2526.08
211.621	2272.08
212.749	2052.08
213.878	1666.08
215.005	1410.08
216.134	1226.08
217.261	980.085
218.39	832.086
219.516	730.086
220.643	654.087
221.769	558.088
222.897	510.088
224.023	452.089
225.149	404.089
226.273	362.09
227.398	332.09
228.524	294.091
229.649	284.092
230.772	274.092
231.897	254.093
233.022	224.093
234.145	214.094
235.267	206.095
236.392	206.095
237.514	206.096
238.636	188.096
239.758	192.097
240.88	170.098
242.002	184.098
243.123	158.099
244.245	168.099
245.366	160.1
246.487	156.101
247.606	152.101
248.727	142.102
249.846	160.102
250.967	142.103
252.085	140.104
253.205	152.104
254.324	138.105
255.442	142.105
256.559	134.106
257.677	138.106
258.795	126.107
259.912	118.108
261.03	116.108
262.147	134.109
263.264	134.109
264.379	136.11
265.495	112.111
266.612	116.111
267.727	110.112
268.841	120.112
269.957	112.113
271.071	116.114
272.185	118.114
273.299	108.115
274.412	134.115
275.526	124.116
276.639	120.117
277.752	104.117
278.866	104.118
279.978	114.118
281.089	120.119
282.202	106.119
283.314	112.12
284.425	108.121
285.535	128.121
286.647	106.122
287.757	118.122
288.867	104.123
289.977	96.1236
291.088	114.124
292.195	112.125
293.305	118.125
294.414	108.126
295.523	122.127
296.632	108.127
297.738	104.128
298.847	92.1284
299.955	108.129
301.062	114.13
302.168	104.13
303.276	118.131
304.382	110.131
305.487	104.132
306.593	112.132
307.698	102.133
308.804	106.134
309.909	90.1343
311.014	106.135
312.119	104.135
313.224	98.136
314.326	100.137
315.431	104.137
316.533	94.1378
317.637	94.1384
318.739	108.139
319.841	92.1396
320.945	104.14
322.047	96.1408
323.148	108.141
324.25	104.142
325.351	108.143
326.452	98.1431
327.553	114.144
328.652	102.144
329.753	96.1449
330.853	92.1455
331.952	100.146
333.052	100.147
334.15	96.1473
335.248	114.148
336.348	106.148
337.446	102.149
338.543	100.15
339.641	112.15
340.738	96.1508
341.835	112.151
342.933	116.152
344.03	102.153
345.124	106.153
346.221	122.154
347.318	104.154
348.412	102.155
349.508	98.1556
350.602	104.156
351.696	102.157
352.792	108.157
353.886	110.158
354.979	104.159
356.073	106.159
357.166	100.16
358.259	116.16
359.35	110.161
360.443	104.161
361.536	102.162
362.629	108.163
363.719	116.163
364.812	96.1638
365.902	102.164
366.992	116.165
368.084	102.166
369.174	102.166
370.264	104.167
371.353	114.167
372.443	106.168
373.532	92.1686
374.621	104.169
375.708	116.17
376.797	106.17
377.886	88.1709
378.972	108.172
380.061	100.172
381.147	104.173
382.235	110.173
383.322	102.174
384.408	96.1745
385.493	88.1751
386.579	114.176
387.665	98.1763
388.75	104.177
389.835	116.177
390.921	94.178
392.004	98.1786
393.088	98.1792
394.173	114.18
395.256	106.18
396.34	96.181
397.423	100.182
398.505	96.1822
399.587	94.1828
400.671	106.183
401.753	96.184
402.835	100.185
403.916	100.185
404.998	106.186
406.077	92.1863
407.158	92.1869
408.239	96.1875
409.318	86.1881
410.399	98.1887
411.478	102.189
412.558	86.1899
413.637	108.19
414.715	98.1911
415.793	92.1916
416.871	104.192
417.949	102.193
419.027	94.1934
420.104	94.194
421.182	92.1946
422.259	96.1952
423.334	98.1958
424.411	110.196
425.486	104.197
426.563	108.198
427.638	94.1982
428.712	80.1987
429.789	88.1993
430.863	100.2
431.937	88.2005
433.011	86.2011
434.085	90.2017
435.159	94.2023
436.231	92.2029
437.304	102.203
438.378	110.204
439.449	100.205
440.522	96.2053
441.593	100.206
442.666	96.2064
443.737	92.207
444.807	112.208
445.878	98.2082
446.948	114.209
448.019	104.209
449.089	114.21
450.159	106.211
451.229	100.211
452.296	108.212
453.366	106.212
454.435	96.2129
455.503	104.214
456.572	94.2141
457.639	102.215
458.706	120.215
459.773	106.216
460.839	108.216
461.906	112.217
462.973	124.218
464.039	112.218
465.105	122.219
466.171	102.219
467.237	120.22
468.301	120.221
469.367	118.221
470.43	112.222
471.496	124.222
472.559	112.223
473.622	128.224
474.685	124.224
475.748	124.225
476.811	114.225
477.873	116.226
478.936	108.227
479.998	110.227
481.061	104.228
482.121	104.228
483.183	128.229
484.243	112.229
485.305	116.23
486.364	92.2307
487.424	108.231
488.485	98.2319
489.544	100.232
490.604	102.233
491.663	104.234
492.721	104.234
493.78	110.235
494.837	112.235
495.895	104.236
496.954	86.2366
498.01	92.2372
499.068	92.2378
500.124	110.238
501.18	94.239
502.238	116.24
503.294	94.2402
504.349	100.241
505.404	88.2413
506.46	98.2419
507.515	94.2425
508.568	90.2431
509.623	88.2437
510.678	94.2443
511.73	102.245
512.785	86.2455
513.837	78.2461
514.891	90.2467
515.943	94.2472
516.996	92.2478
518.047	98.2484
519.099	86.249
520.151	100.25
521.202	98.2502
522.254	102.251
523.305	86.2514
524.354	92.252
525.405	100.253
526.454	86.2532
527.505	94.2538
528.554	98.2543
529.604	90.2549
530.653	82.2555
531.701	88.2561
532.749	92.2567
533.797	94.2573
534.845	98.2579
535.893	94.2585
536.94	82.2591
537.986	80.2597
539.033	88.2603
540.079	80.2608
541.126	80.2614
542.171	90.262
543.218	76.2626
544.263	78.2632
545.307	74.2638
546.352	90.2644
547.397	92.265
548.441	80.2656
549.485	94.2662
550.529	82.2668
551.571	92.2674
552.615	84.268
553.657	84.2685
554.7	94.2691
555.742	76.2697
556.785	86.2703
557.826	92.2709
558.867	86.2715
559.909	82.2721
560.949	100.273
561.99	90.2733
563.031	78.2739
564.071	82.2745
565.112	84.275
566.15	88.2756
567.19	86.2762
568.228	82.2768
569.268	88.2774
570.306	90.278
571.343	78.2786
572.381	78.2792
573.418	98.2798
574.456	80.2804
575.493	80.281
576.53	80.2816
577.567	84.2821
578.604	86.2827
579.638	78.2833
580.675	90.2839
581.712	86.2845
582.746	86.2851
583.78	84.2857
584.814	86.2863
585.85	78.2869
586.884	68.2875
587.918	74.2881
588.951	82.2887
589.985	80.2892
591.016	90.2898
592.05	78.2904
593.083	88.291
594.114	80.2916
595.147	82.2922
596.178	78.2928
597.21	82.2934
598.241	66.294
599.271	92.2946
600.302	80.2952
601.332	72.2957
602.362	74.2963
603.392	80.2969
604.422	78.2975
605.449	82.2981
606.479	78.2987
607.509	68.2993
608.536	64.2999
609.563	80.3005
610.592	78.3011
611.619	76.3017
612.646	70.3023
613.673	74.3028
614.7	76.3034
615.726	68.304
616.753	68.3046
617.779	68.3052
618.803	66.3058
619.829	72.3064
620.855	74.307
621.879	76.3076
622.903	80.3082
623.929	82.3088
624.952	74.3094
625.976	68.3099
626.999	78.3105
628.022	72.3111
629.045	72.3117
630.068	72.3123
631.091	56.3129
632.111	72.3135
633.134	64.3141
634.154	72.3147
635.177	68.3153
636.197	70.3159
637.217	64.3165
638.239	74.317
639.259	80.3176
640.279	74.3182
641.298	80.3188
642.318	78.3194
643.335	78.32
644.355	74.3206
645.374	72.3212
646.391	82.3218
647.41	64.3224
648.427	76.323
649.445	72.3235
650.462	70.3241
651.479	74.3247
652.495	66.3253
653.511	74.3259
654.527	74.3265
655.544	76.3271
656.559	70.3277
657.573	78.3283
658.589	66.3289
659.603	78.3295
660.618	74.3301
661.631	70.3307
662.647	72.3312
663.66	74.3318
664.673	68.3324
665.686	76.333
666.698	70.3336
667.711	62.3342
668.724	72.3348
669.734	82.3354
670.746	58.336
671.759	74.3366
672.769	66.3372
673.779	78.3377
674.791	72.3383
675.8	82.3389
676.81	70.3395
677.82	68.3401
678.829	82.3407
679.838	66.3413
680.848	72.3419
681.857	78.3425
682.866	76.3431
683.873	74.3437
684.881	74.3443
685.888	78.3448
686.896	80.3454
687.903	68.346
688.909	66.3466
689.915	76.3472
690.922	78.3478
691.927	80.3484
692.933	76.349
693.939	64.3496
694.945	74.3502
695.948	72.3508
696.954	60.3513
697.957	62.3519
698.962	74.3525
699.965	72.3531
700.968	62.3537
701.971	68.3543
702.974	74.3549
703.976	64.3555
704.979	70.3561
705.981	66.3567
706.984	80.3573
707.986	74.3579
708.986	58.3584
709.988	64.359
710.988	64.3596
711.99	66.3602
712.989	70.3608
713.989	74.3614
714.988	74.362
715.987	68.3626
716.987	66.3632
717.986	50.3638
718.985	70.3644
719.982	68.365
720.98	86.3655
721.977	62.3661
722.976	66.3667
723.972	66.3673
724.97	64.3679
725.966	64.3685
726.963	58.3691
727.959	64.3697
728.954	76.3703
729.95	56.3709
730.946	60.3715
731.939	66.3721
732.935	58.3726
733.928	58.3732
734.924	68.3738
735.917	58.3744
736.912	62.375
737.905	60.3756
738.897	56.3762
739.89	72.3768
740.883	70.3774
741.875	56.378
742.867	56.3786
743.858	66.3792
744.85	66.3797
745.842	62.3803
746.832	66.3809
747.822	68.3815
748.813	78.3821
749.803	58.3827
750.792	58.3833
751.782	58.3839
752.771	62.3845
753.76	50.3851
754.749	72.3857
755.738	56.3862
756.725	56.3868
757.714	62.3874
758.701	70.388
759.689	56.3886
760.676	68.3892
761.662	56.3898
762.648	58.3904
763.634	66.391
764.62	66.3916
765.606	54.3922
766.592	60.3928
767.578	56.3933
768.563	58.3939
769.547	68.3945
770.532	66.3951
771.515	58.3957
772.498	64.3963
773.484	52.3969
774.466	68.3975
775.449	64.3981
776.432	62.3987
777.415	50.3993
778.395	64.3999
779.378	64.4004
780.36	68.401
781.34	60.4016
782.322	62.4022
783.302	66.4028
784.284	56.4034
785.264	58.404
786.244	56.4046
787.223	62.4052
788.203	64.4058
789.182	56.4064
790.161	62.407
791.138	64.4075
792.117	62.4081
793.096	54.4087
794.073	56.4093
795.052	66.4099
796.029	64.4105
797.005	68.4111
797.982	54.4117
798.958	64.4123
799.934	62.4129
800.91	64.4135
801.886	54.414
802.862	60.4146
803.836	68.4152
804.812	60.4158
805.785	56.4164
806.761	66.417
807.734	56.4176
808.707	64.4182
809.681	60.4188
810.654	62.4194
811.627	68.42
812.599	56.4206
813.572	72.4212
814.545	64.4217
815.516	66.4223
816.488	56.4229
817.458	68.4235
818.431	68.4241
819.401	58.4247
820.371	70.4253
821.341	68.4259
822.311	70.4265
823.28	66.4271
824.25	66.4277
825.219	66.4282
826.187	58.4288
827.156	66.4294
828.123	64.43
829.093	70.4306
830.06	60.4312
831.027	64.4318
831.995	66.4324
832.962	64.433
833.929	64.4336
834.895	70.4342
835.86	62.4347
836.826	62.4353
837.792	62.4359
838.756	58.4365
839.722	68.4371
840.686	60.4377
841.652	64.4383
842.616	68.4389
843.579	64.4395
844.543	62.4401
845.506	66.4407
846.47	64.4413
847.433	64.4418
848.394	60.4424
849.357	68.443
850.32	62.4436
851.281	58.4442
852.241	62.4448
853.204	58.4454
854.165	72.446
855.125	66.4466
856.085	62.4472
857.046	70.4478
858.006	60.4484
858.966	56.4489
859.924	62.4495
860.883	66.4501
861.841	72.4507
862.801	54.4513
863.758	72.4519
864.716	60.4525
865.673	76.4531
866.632	64.4537
867.589	60.4543
868.544	64.4549
869.501	54.4555
870.458	70.456
871.415	76.4566
872.369	66.4572
873.326	62.4578
874.28	66.4584
875.235	70.459
876.189	74.4596
877.145	60.4602
878.099	66.4608
879.053	56.4614
880.005	64.462
880.959	72.4626
881.912	64.4631
882.864	78.4637
883.817	64.4643
884.769	68.4649
885.722	66.4655
886.673	66.4661
887.624	60.4667
888.575	56.4673
889.526	74.4679
890.477	56.4685
891.427	72.4691
892.378	64.4697
893.326	72.4702
894.277	68.4708
895.225	70.4714
896.175	70.472
897.123	72.4726
898.071	74.4732
899.019	80.4738
899.967	68.4744
900.915	62.475
901.862	76.4756
902.81	56.4762
903.757	64.4767
904.703	64.4773
905.65	64.4779
906.595	62.4785
907.54	62.4791
908.487	66.4797
909.432	62.4803
910.377	66.4809
911.321	66.4815
912.266	64.4821
913.208	62.4827
914.153	78.4833
915.097	72.4838
916.039	58.4844
916.983	76.485
917.925	68.4856
918.867	64.4862
919.809	74.4868
920.752	64.4874
921.694	82.488
922.634	68.4886
923.575	70.4892
924.516	64.4898
925.458	64.4903
926.397	72.4909
927.338	66.4915
928.277	72.4921
929.216	68.4927
930.156	70.4933
931.095	50.4939
932.033	64.4945
932.972	62.4951
933.908	74.4957
934.847	60.4963
935.785	82.4969
936.721	66.4975
937.659	66.498
938.595	76.4986
939.533	70.4992
940.468	56.4998
941.404	72.5004
942.339	72.501
943.275	56.5016
944.21	56.5022
945.146	68.5028
946.079	58.5034
947.014	56.504
947.949	58.5045
948.882	64.5051
949.814	60.5057
950.747	58.5063
951.682	54.5069
952.614	64.5075
953.547	62.5033
954.479	64.5383
955.409	68.5029
956.341	66.4388
957.273	70.2195
958.203	77.7898
959.135	72.0214
960.065	61.1437
960.995	66.8549
961.924	70.3759
962.856	68.3353
963.785	70.0445
964.713	66.9483
965.642	64.8983
966.571	72.269
967.5	66.7905
968.427	63.0438
969.356	68.4122
970.283	69.9093
971.209	72.7211
972.136	57.9373
973.062	54.0965
973.989	63.1194
974.915	67.4688
975.841	65.266
976.767	62.9597
977.693	69.8897
978.617	66.3279
979.543	64.0976
980.467	65.7087
981.391	65.7921
982.314	67.1469
983.238	62.303
984.161	68.7112
985.085	67.0235
986.008	59.0426
986.931	69.1588
987.854	53.5098
988.775	57.6468
989.698	59.4047
990.619	54.2498
991.539	52.9149
992.46	63.0475
993.383	65.2675
994.303	59.6518
995.223	65.8385
996.142	59.7135
997.062	59.4621
997.982	69.9837
998.9	62.6854
999.82	64.8256
1000.74	61.7186
1001.66	67.6341
1002.57	64.6788
1003.49	70.4442
1004.41	63.0221
1005.33	67.7605
1006.24	62.875
1007.16	62.9741
1008.08	69.4167
1008.99	63.8901
1009.91	58.953
1010.82	56.3511
1011.74	59.0176
1012.65	63.0069
1013.57	57.7511
1014.48	64.3312
1015.4	60.7022
1016.31	60.4262
1017.22	62.6907
1018.14	61.7352
1019.05	60.5468
1019.97	68.3851
1020.88	65.9687
1021.79	57.3691
1022.7	56.3561
1023.61	59.9355
1024.53	59.4472
1025.44	62.2488
1026.35	66.6128
1027.26	63.7059
1028.17	63.8703
1029.08	57.7516
1029.99	60.7949
1030.9	64.6029
1031.81	63.9011
1032.72	64.9616
1033.63	64.9829
1034.53	58.848
1035.44	64.3409
1036.35	68.7589
1037.26	61.9799
1038.17	58.7911
1039.07	66.3372
1039.98	64.6803
1040.89	55.331
1041.79	55.2155
1042.7	58.9842
1043.6	61.8601
1044.51	57.3779
1045.41	58.603
1046.32	55.433
1047.23	59.0338
1048.13	57.2586
1049.03	52.8607
1049.94	58.322
1050.84	64.665
1051.75	60.1517
1052.65	60.4773
1053.55	58.3409
1054.45	62.9863
1055.36	57.5074
1055.36	57.4734
1056.33	55.4738
1057.31	57.4742
1058.28	49.4746
1059.25	61.4751
1060.22	59.4755
1061.2	59.4759
1062.17	55.4763
1063.14	55.4767
1064.11	59.4772
1065.08	57.4776
1066.06	47.478
1067.03	59.4784
1068	51.4789
1068.97	49.4793
1069.94	57.4797
1070.91	47.4801
1071.88	55.4806
1072.85	63.481
1073.81	59.4814
1074.78	51.4818
1075.75	49.4822
1076.72	57.4827
1077.69	51.4831
1078.66	51.4835
1079.63	49.4839
1080.59	51.4844
1081.56	45.4848
1082.53	43.4852
1083.49	59.4856
1084.46	57.486
1085.43	57.4865
1086.39	51.4869
1087.36	47.4873
1088.33	53.4877
1089.29	51.4882
1090.26	47.4886
1091.22	45.489
1092.19	57.4894
1093.15	49.4899
1094.11	53.4903
1095.08	47.4907
1096.04	49.4911
1097.01	57.4916
1097.97	57.492
1098.93	49.4924
1099.9	51.4928
1100.86	61.4932
1101.82	43.4937
1102.78	47.4941
1103.74	55.4945
1104.71	49.4949
1105.67	63.4954
1106.63	47.4958
1107.59	47.4962
1108.55	49.4966
1109.51	57.4971
1110.47	49.4975
1111.43	39.4979
1112.39	47.4983
1113.35	61.4987
1114.31	51.4992
1115.27	51.4996
1116.23	53.5
1117.19	41.5004
1118.14	51.5009
1119.1	43.5013
1120.06	51.5017
1121.02	47.5021
1121.97	53.5026
1122.93	49.503
1123.89	45.5034
1124.84	61.5038
1125.8	43.5042
1126.76	49.5047
1127.71	43.5051
1128.67	45.5055
1129.63	49.5059
1130.58	57.5064
1131.54	39.5068
1132.49	51.5072
1133.45	51.5076
1134.4	51.5081
1135.35	43.5085
1136.31	45.5089
1137.26	45.5093
1138.21	47.5097
1139.17	45.5102
1140.12	43.5106
1141.07	51.511
1142.03	45.5114
1142.98	45.5119
1143.93	49.5123
1144.88	43.5127
1145.83	53.5131
1146.78	51.5136
1147.73	51.514
1148.68	55.5144
1149.63	53.5148
1150.59	39.5152
1151.54	43.5157
1152.49	45.5161
1153.44	39.5165
1154.39	49.5169
1155.33	41.5174
1156.28	45.5178
1157.23	49.5182
1158.18	51.5186
1159.13	55.5191
1160.07	47.5195
1161.02	45.5199
1161.97	49.5203
1162.92	47.5207
1163.86	45.5212
1164.81	47.5216
1165.76	47.522
1166.7	45.5224
1167.65	47.5229
1168.59	45.5233
1169.54	55.5237
1170.48	37.5241
1171.43	47.5246
1172.37	47.525
1173.32	41.5254
1174.26	47.5258
1175.21	47.5262
1176.15	45.5267
1177.1	49.5271
1178.04	45.5275
1178.98	49.5279
1179.93	41.5284
1180.87	47.5288
1181.81	51.5292
1182.75	47.5296
1183.69	37.53
1184.63	45.5305
1185.58	37.5309
1186.52	41.5313
1187.46	37.5317
1188.4	43.5322
1189.34	57.5326
1190.28	43.533
1191.22	45.5334
1192.16	47.5339
1193.1	39.5343
1194.04	49.5347
1194.98	51.5351
1195.92	47.5355
1196.86	47.536
1197.79	45.5364
1198.73	45.5368
1199.67	49.5372
1200.61	41.5377
1201.54	47.5381
1202.48	41.5385
1203.42	45.5389
1204.35	47.5394
1205.29	49.5398
1206.23	49.5402
1207.16	45.5406
1208.1	53.541
1209.04	47.5415
1209.97	59.5419
1210.91	47.5423
1211.84	49.5427
1212.77	51.5432
1213.71	45.5436
1214.64	43.544
1215.58	49.5444
1216.51	43.5449
1217.44	45.5453
1218.38	47.5457
1219.31	51.5461
1220.24	41.5465
1221.17	41.547
1222.11	43.5474
1223.04	43.5478
1223.97	41.5482
1224.9	51.5487
1225.83	47.5491
1226.76	47.5495
1227.69	51.5499
1228.62	37.5504
1229.55	49.5508
1230.48	43.5512
1231.41	43.5516
1232.34	45.5521
1233.27	53.5525
1234.2	39.5529
1235.13	55.5533
1236.06	45.5537
1236.99	47.5542
1237.92	45.5546
1238.84	35.555
1239.77	41.5554
1240.7	47.5559
1241.63	31.5563
1242.55	47.5567
1243.48	43.5571
1244.41	49.5575
1245.33	41.558
1246.26	43.5584
1247.18	43.5588
1248.11	45.5592
1249.03	49.5597
1249.96	45.5601
1250.89	43.5605
1251.81	35.5609
1252.73	41.5614
1253.66	49.5618
1254.58	47.5622
1255.5	41.5626
1256.43	49.563
1257.35	57.5635
1258.27	43.5639
1259.2	49.5643
1260.12	45.5647
1261.04	51.5652
1261.96	51.5656
1262.88	43.566
1263.81	49.5664
1264.73	47.5669
1265.65	53.5673
1266.57	43.5677
1267.49	39.5681
1268.41	49.5686
1269.33	43.569
1270.25	47.5694
1271.17	51.5698
1272.09	49.5702
1273.01	41.5707
1273.93	53.5711
1274.84	49.5715
1275.76	51.5719
1276.68	41.5724
1277.6	47.5728
1278.52	51.5732
1279.43	49.5736
1280.35	57.574
1281.27	45.5745
1282.18	47.5749
1283.1	47.5753
1284.02	55.5757
1284.93	55.5762
1285.85	51.5766
1286.76	57.577
1287.68	55.5774
1288.59	55.5779
1289.51	47.5783
1290.42	55.5787
1291.34	53.5791
1292.25	59.5795
1293.17	53.58
1294.08	47.5804
1294.99	57.5808
1295.91	59.5812
1296.82	61.5817
1297.73	51.5821
1298.64	57.5825
1299.55	47.5829
1300.47	61.5834
1301.38	53.5838
1302.29	53.5842
1303.2	69.5846
1304.11	61.585
1305.02	55.5855
1305.93	63.5859
1306.84	63.5863
1307.75	53.5867
1308.66	49.5872
1309.57	57.5876
1310.48	67.588
1311.39	61.5884
1312.3	63.5889
1313.21	59.5893
1314.11	67.5897
1315.02	57.5901
1315.93	63.5905
1316.84	63.591
1317.75	63.5914
1318.65	77.5918
1319.56	69.5922
1320.46	63.5927
1321.37	63.5931
1322.28	77.5935
1323.19	75.5939
1324.09	71.5944
1325	71.5948
1325.9	81.5952
1326.81	79.5956
1327.71	79.596
1328.62	77.5965
1329.52	87.5969
1330.42	79.5973
1331.33	85.5977
1332.23	97.5982
1333.13	83.5986
1334.04	101.599
1334.94	89.5994
1335.84	97.5999
1336.74	91.6003
1337.65	95.6007
1338.55	99.6011
1339.45	105.602
1340.35	95.602
1341.25	99.6024
1342.15	105.603
1343.05	111.603
1343.95	113.604
1344.85	119.604
1345.75	117.605
1346.65	111.605
1347.55	103.605
1348.45	125.606
1349.35	119.606
1350.25	107.607
1351.15	113.607
1352.05	101.607
1352.94	107.608
1353.84	107.608
1354.74	109.609
1355.64	99.6092
1356.53	109.61
1357.43	97.61
1358.33	103.61
1359.22	95.6109
1360.12	89.6113
1361.01	107.612
1361.91	93.6121
1362.81	89.6125
1363.7	89.613
1364.6	85.6134
1365.49	81.6138
1366.39	89.6142
1367.28	79.6147
1368.17	79.6151
1369.07	89.6155
1369.96	85.6159
1370.85	85.6164
1371.75	77.6168
1372.64	83.6172
1373.53	71.6176
1374.42	71.618
1375.32	75.6185
1376.21	73.6189
1377.1	69.6193
1377.99	79.6197
1378.88	65.6202
1379.77	75.6206
1380.66	67.621
1381.55	59.6214
1382.44	59.6219
1383.33	85.6223
1384.22	69.6227
1385.11	63.6231
1386	51.6235
1386.89	51.624
1387.78	57.6244
1388.67	59.6248
1389.55	57.6252
1390.44	63.6257
1391.33	57.6261
1392.22	49.6265
1393.1	59.6269
1393.99	59.6274
1394.88	55.6278
1395.77	51.6282
1396.65	61.6286
1397.54	59.629
1398.42	51.6295
1399.31	59.6299
1400.19	57.6303
1401.08	67.6307
1401.96	59.6312
1402.85	63.6316
1403.73	65.632
1404.62	55.6324
1405.5	53.6329
1406.38	57.6333
1407.27	59.6337
1408.15	57.6341
1409.03	55.6345
1409.92	57.635
1410.8	55.6354
1411.68	61.6358
1412.56	51.6362
1413.44	55.6367
1414.33	53.6371
1415.21	45.6375
1416.09	43.6379
1416.97	67.6384
1417.85	49.6388
1418.73	47.6392
1419.61	43.6396
1420.49	55.64
1421.37	53.6405
1422.25	45.6409
1423.13	45.6413
1424.01	45.6417
1424.89	53.6422
1425.76	45.6426
1426.64	47.643
1427.52	59.6434
1428.4	45.6439
1429.28	31.6443
1430.15	47.6447
1431.03	47.6451
1431.91	45.6455
1432.78	49.646
1433.66	43.6464
1434.54	47.6468
1435.41	47.6472
1436.29	51.6477
1437.16	49.6481
1438.04	39.6485
1438.91	45.6489
1439.79	45.6494
1440.66	49.6498
1441.53	41.6502
1442.41	55.6506
1443.28	45.651
1444.15	49.6515
1445.03	49.6519
1445.9	49.6523
1446.77	41.6527
1447.65	51.6532
1448.52	49.6536
1449.39	35.654
1450.26	51.6544
1451.13	45.6549
1452	43.6553
1452.88	41.6557
1453.75	41.6561
1454.62	43.6565
1455.49	59.657
1456.36	33.6574
1457.23	49.6578
1458.1	53.6582
1458.97	53.6587
1459.83	39.6591
1460.7	49.6595
1461.57	49.6599
1462.44	47.6604
1463.31	55.6608
1464.18	37.6612
1465.04	49.6616
1465.91	45.662
1466.78	43.6625
1467.64	49.6629
1468.51	47.6633
1469.38	45.6637
1470.24	49.6642
1471.11	43.6646
1471.98	41.665
1472.84	49.6654
1473.71	47.6659
1474.57	43.6663
1475.44	45.6667
1476.3	49.6671
1477.16	49.6675
1478.03	47.668
1478.89	43.6684
1479.76	45.6688
1480.62	55.6692
1481.48	41.6697
1482.35	51.6701
1483.21	47.6705
1484.07	41.6709
1484.93	41.6714
1485.79	43.6718
1486.66	47.6722
1487.52	41.6726
1488.38	53.673
1489.24	45.6735
1490.1	49.6739
1490.96	49.6743
1491.82	53.6747
1492.68	33.6752
1493.54	53.6756
1494.4	39.676
1495.26	53.6764
1496.12	49.6769
1496.98	43.6773
1497.83	45.6777
1498.69	51.6781
1499.55	47.6785
1500.41	39.679
1501.27	57.6794
1502.12	49.6798
1502.98	49.6802
1503.84	45.6807
1504.69	47.6811
1505.55	51.6815
1506.41	55.6819
1507.26	49.6824
1508.12	49.6828
1508.97	47.6832
1509.83	41.6836
1510.68	57.684
1511.54	45.6845
1512.39	49.6849
1513.25	49.6853
1514.1	45.6857
1514.96	45.6862
1515.81	47.6866
1516.66	49.687
1517.52	47.6874
1518.37	41.6879
1519.22	45.6883
1520.07	39.6887
1520.92	47.6891
1521.78	45.6895
1522.63	49.69
1523.48	61.6904
1524.33	61.6908
1525.18	51.6912
1526.03	63.6917
1526.88	51.6921
1527.73	51.6925
1528.58	43.6929
1529.43	41.6934
1530.28	45.6938
1531.13	57.6942
1531.98	51.6946
1532.83	57.695
1533.68	61.6955
1534.52	53.6959
1535.37	55.6963
1536.22	51.6967
1537.07	51.6972
1537.91	47.6976
1538.76	57.698
1539.61	61.6984
1540.45	65.6989
1541.3	63.6993
1542.15	59.6997
1542.99	65.7001
1543.84	59.7005
1544.68	55.701
1545.53	51.7014
1546.37	67.7018
1547.22	59.7022
1548.06	65.7027
1548.91	55.7031
1549.75	69.7035
1550.6	61.7039
1551.44	73.7044
1552.28	69.7048
1553.12	75.7052
1553.97	65.7056
1554.81	69.706
1555.65	83.7065
1556.49	77.7069
1557.34	65.7073
1558.18	71.7077
1559.02	89.7082
1559.86	79.7086
1560.7	79.709
1561.54	101.709
1562.38	77.7099
1563.22	93.7103
1564.06	93.7107
1564.9	101.711
1565.74	95.7115
1566.58	111.712
1567.42	97.7124
1568.26	99.7128
1569.1	109.713
1569.93	121.714
1570.77	111.714
1571.61	103.715
1572.45	113.715
1573.28	125.715
1574.12	117.716
1574.96	115.716
1575.79	127.717
1576.63	141.717
1577.47	141.717
1578.3	127.718
1579.14	131.718
1579.97	127.719
1580.81	131.719
1581.64	139.72
1582.48	151.72
1583.31	129.72
1584.15	117.721
1584.98	145.721
1585.81	125.722
1586.64	125.722
1587.48	159.723
1588.31	129.723
1589.14	121.723
1589.98	129.724
1590.81	125.724
1591.64	125.725
1592.47	129.725
1593.3	119.726
1594.14	123.726
1594.97	105.726
1595.8	115.727
1596.63	103.727
1597.46	109.728
1598.29	115.728
1599.12	103.728
1599.95	93.7289
1600.78	95.7293
1601.6	97.7297
1602.43	101.73
1603.26	95.7306
1604.09	83.731
1604.92	99.7314
1605.75	85.7318
1606.57	87.7323
1607.4	79.7327
1608.23	87.7331
1609.06	95.7335
1609.88	79.734
1610.71	71.7344
1611.53	91.7348
1612.36	87.7352
1613.19	85.7357
1614.01	75.7361
1614.84	79.7365
1615.66	73.7369
1616.49	79.7374
1617.31	73.7378
1618.14	69.7382
1618.96	77.7386
1619.78	71.739
1620.61	83.7395
1621.43	71.7399
1622.25	73.7403
1623.08	57.7407
1623.9	69.7412
1624.72	65.7416
1625.54	67.742
1626.37	75.7424
1627.19	85.7429
1628.01	63.7433
1628.83	59.7437
1629.65	69.7441
1630.47	59.7445
1631.29	59.745
1632.11	69.7454
1632.93	67.7458
1633.75	69.7462
1634.57	61.7467
1635.39	51.7471
1636.21	53.7475
1637.03	69.7479
1637.85	61.7484
1638.66	51.7488
1639.48	63.7492
1640.3	59.7496
1641.12	53.75
1641.94	47.7505
1642.75	51.7509
1643.57	57.7513
1644.39	43.7517
1645.2	61.7522
1646.02	35.7526
1646.83	55.753
1647.65	43.7534
1648.47	43.7538
1649.28	51.7543
1650.1	41.7547
1650.91	41.7551
1651.72	43.7555
1652.54	53.756
1653.35	57.7564
1654.17	49.7568
1654.98	41.7572
1655.79	47.7577
1656.61	39.7581
1657.42	49.7585
1658.23	49.7589
1659.04	37.7593
1659.86	41.7598
1660.67	35.7602
1661.48	41.7606
1662.29	43.761
1663.1	45.7615
1663.91	41.7619
1664.72	45.7623
1665.54	41.7627
1666.34	39.7632
1667.16	41.7636
1667.96	37.764
1668.77	43.7644
1669.58	51.7649
1670.39	43.7653
1671.2	41.7657
1672.01	41.7661
1672.82	47.7665
1673.63	37.767
1674.43	39.7674
1675.24	43.7678
1676.05	41.7682
1676.85	35.7687
1677.66	47.7691
1678.47	43.7695
1679.28	43.7699
1680.08	43.7703
1680.89	39.7708
1681.69	39.7712
1682.5	47.7716
1683.3	31.772
1684.11	41.7725
1684.91	43.7729
1685.72	45.7733
1686.52	33.7737
1687.32	35.7742
1688.13	47.7746
1688.93	41.775
1689.74	33.7754
1690.54	43.7758
1691.34	37.7763
1692.14	43.7767
1692.95	35.7771
1693.75	37.7775
1694.55	49.778
1695.35	41.7784
1696.15	43.7788
1696.95	39.7792
1697.76	37.7797
1698.55	39.7801
1699.36	25.7805
1700.16	35.7809
1700.95	41.7813
1701.76	43.7818
1702.55	37.7822
1703.35	41.7826
1704.15	33.783
1704.95	45.7835
1705.75	37.7839
1706.55	41.7843
1707.35	35.7847
1708.14	41.7852
1708.94	43.7856
1709.74	35.786
1710.54	43.7864
1711.33	37.7868
1712.13	39.7873
1712.93	51.7877
1713.72	39.7881
1714.52	35.7885
1715.31	35.789
1716.11	37.7894
1716.9	35.7898
1717.7	35.7902
1718.49	41.7907
1719.29	39.7911
1720.08	37.7915
1720.88	47.7919
1721.67	45.7924
1722.46	37.7928
1723.26	33.7932
1724.05	39.7932
1724.84	35.819
1725.63	39.7577
1726.43	45.4009
1727.22	43.8353
1728.01	41.7589
1728.8	31.8959
1729.59	37.7119
1730.38	41.2855
1731.17	36.2867
1731.97	33.2134
1732.76	43.6344
1733.54	43.1971
1734.34	36.4602
1735.13	41.6331
1735.91	40.0806
1736.7	46.7134
1737.49	46.3667
1738.28	43.1674
1739.07	46.149
1739.86	36.3567
1740.65	34.7842
1741.43	40.6767
1742.22	39.5019
1743.01	35.4483
1743.79	40.0899
1744.58	42.187
1745.37	33.4445
1746.15	33.3466
1746.94	37.3711
1747.73	39.7911
1748.51	38.9057
1749.3	42.324
1750.08	41.4758
1750.87	40.6397
1751.65	44.6657
1752.44	40.6322
1753.22	38.3356
1754	42.2432
1754.79	38.7607
1755.57	32.97
1756.35	44.3641
1757.14	37.2667
1757.92	34.6981
1758.7	37.7684
1759.48	35.5493
1760.27	40.8068
1761.05	33.9077
1761.83	36.7241
1762.61	42.7826
1763.39	39.1946
1764.17	41.6832
1764.95	33.8236
1765.73	42.644
1766.51	43.7987
1767.29	43.1276
1768.07	36.6445
1768.85	42.3681
1769.63	41.3657
1770.41	42.0982
1771.19	37.6012
1771.97	36.8093
1772.75	39.8533
1773.52	43.215
1774.3	37.9835
1775.08	38.9285
1775.86	41.5871
1776.63	35.6995
1777.41	36.4486
1778.18	40.6701
1778.96	42.8698
1779.74	40.173
1780.51	35.3044
1781.29	36.8856
1782.06	34.9622
1782.84	36.1204
1783.61	38.5775
1784.39	35.7068
1785.16	38.7494
1785.94	37.8897
1786.71	36.991
1787.48	35.0274
1788.26	34.6196
1789.03	41.1547
1789.8	37.7503
1790.58	36.8823
1791.35	38.1959
1792.12	42.063
1792.89	41.6793
1793.67	40.887
1794.44	38.5309
1795.21	42.5949
1795.98	43.0629
1796.75	37.1456
1797.52	35.4681
1798.29	38.5787
1799.06	41.9332
1799.83	42.0076
1800.6	40.0678
1801.37	39.4428
1802.14	39.0142
1802.91	34.3932
1803.68	32.8962
1804.44	39.7779
1805.21	40.7904
1805.98	38.7147
1806.75	42.1329
1807.52	40.5096
1808.28	36.1114
1809.05	34.1469
1809.82	38.244
1810.36	46.0953
1811.2	42.0948
1812.04	40.0942
1812.87	38.0936
1813.71	44.093
1814.55	36.0925
1815.38	34.0919
1816.22	40.0913
1817.06	36.0907
1817.89	42.0902
1818.73	32.0896
1819.56	36.089
1820.4	40.0884
1821.23	38.0879
1822.07	36.0873
1822.9	36.0867
1823.74	34.0861
1824.57	26.0856
1825.41	32.085
1826.24	38.0844
1827.07	42.0838
1827.91	36.0833
1828.74	38.0827
1829.57	36.0821
1830.41	34.0815
1831.24	38.081
1832.07	34.0804
1832.9	28.0798
1833.73	34.0792
1834.57	46.0787
1835.4	40.0781
1836.23	40.0775
1837.06	32.0769
1837.89	44.0764
1838.72	42.0758
1839.55	28.0752
1840.38	46.0746
1841.21	38.0741
1842.04	48.0735
1842.87	36.0729
1843.7	40.0723
1844.53	32.0718
1845.36	42.0712
1846.19	38.0706
1847.02	32.07
1847.85	42.0695
1848.67	42.0689
1849.5	40.0683
1850.33	36.0677
1851.16	40.0672
1851.98	44.0666
1852.81	34.066
1853.64	34.0654
1854.46	46.0649
1855.29	52.0643
1856.12	44.0637
1856.94	38.0631
1857.77	44.0626
1858.59	38.062
1859.42	38.0614
1860.24	42.0608
1861.07	40.0603
1861.9	38.0597
1862.72	36.0591
1863.54	38.0585
1864.37	40.058
1865.19	30.0574
1866.02	32.0568
1866.84	36.0562
1867.66	36.0557
1868.49	30.0551
1869.31	40.0545
1870.13	48.0539
1870.95	34.0534
1871.78	32.0528
1872.6	40.0522
1873.42	40.0516
1874.24	40.0511
1875.06	40.0505
1875.88	32.0499
1876.71	34.0493
1877.53	42.0488
1878.35	42.0482
1879.17	36.0476
1879.99	38.047
1880.81	38.0465
1881.63	48.0459
1882.45	46.0453
1883.27	32.0447
1884.08	42.0442
1884.9	42.0436
1885.72	34.043
1886.54	36.0424
1887.36	32.0419
1888.18	34.0413
1889	42.0407
1889.81	32.0401
1890.63	40.0396
1891.45	40.039
1892.27	38.0384
1893.08	34.0378
1893.9	34.0373
1894.71	38.0367
1895.53	42.0361
1896.35	36.0355
1897.16	38.035
1897.98	44.0344
1898.79	38.0338
1899.61	38.0332
1900.42	32.0327
1901.24	44.0321
1902.05	38.0315
1902.87	36.0309
1903.68	38.0304
1904.5	34.0298
1905.31	34.0292
1906.12	30.0286
1906.94	36.0281
1907.75	40.0275
1908.56	46.0269
1909.37	30.0263
1910.19	38.0258
1911	30.0252
1911.81	36.0246
1912.62	34.024
1913.43	34.0235
1914.24	30.0229
1915.06	38.0223
1915.87	44.0217
1916.68	30.0212
1917.49	30.0206
1918.3	36.02
1919.11	38.0194
1919.92	36.0189
1920.73	36.0183
1921.54	36.0177
1922.35	40.0171
1923.15	42.0166
1923.96	30.016
1924.77	40.0154
1925.58	40.0148
1926.39	34.0143
1927.2	36.0137
1928	40.0131
1928.81	36.0125
1929.62	34.012
1930.43	36.0114
1931.23	32.0108
1932.04	38.0102
1932.85	38.0097
1933.65	44.0091
1934.46	42.0085
1935.26	38.0079
1936.07	28.0074
1936.88	42.0068
1937.68	34.0062
1938.49	36.0056
1939.29	38.0051
1940.1	40.0045
1940.9	48.0039
1941.7	40.0033
1942.51	42.0028
1943.31	38.0022
1944.11	32.0016
1944.92	38.001
1945.72	42.0005
1946.52	45.9999
1947.33	29.9993
1948.13	35.9987
1948.93	45.9982
1949.73	43.9976
1950.54	33.997
1951.34	43.9964
1952.14	35.9959
1952.94	37.9953
1953.74	41.9947
1954.54	37.9941
1955.34	31.9936
1956.14	35.993
1956.94	37.9924
1957.74	41.9918
1958.54	33.9913
1959.34	41.9907
1960.14	43.9901
1960.94	37.9895
1961.74	25.989
1962.54	37.9884
1963.34	35.9878
1964.14	27.9872
1964.93	41.9867
1965.73	43.9861
1966.53	37.9855
1967.33	37.9849
1968.12	39.9844
1968.92	33.9838
1969.72	39.9832
1970.51	39.9826
1971.31	23.9821
1972.11	43.9815
1972.9	37.9809
1973.7	43.9803
1974.49	39.9798
1975.29	41.9792
1976.08	37.9786
1976.88	33.978
1977.67	35.9775
1978.47	29.9769
1979.26	27.9763
1980.05	35.9757
1980.85	31.9752
1981.64	31.9746
1982.44	33.974
1983.23	39.9734
1984.02	31.9729
1984.81	37.9723
1985.61	33.9717
1986.4	41.9711
1987.19	39.9706
1987.98	35.97
1988.77	45.9694
1989.57	35.9688
1990.36	43.9683
1991.15	39.9677
1991.94	41.9671
1992.73	29.9665
1993.52	37.966
1994.31	33.9654
1995.1	31.9648
1995.89	39.9642
1996.68	43.9637
1997.47	33.9631
1998.26	37.9625
1999.05	31.9619
1999.84	43.9614
2000.62	35.9608
2001.41	27.9602
2002.2	39.9596
2002.99	35.9591
2003.78	35.9585
2004.56	35.9579
2005.35	41.9573
2006.14	35.9568
2006.92	39.9562
2007.71	29.9556
2008.5	29.955
2009.28	37.9545
2010.07	39.9539
2010.86	43.9533
2011.64	33.9527
2012.43	39.9522
2013.21	37.9516
2014	31.951
2014.78	37.9504
2015.57	35.9499
2016.35	33.9493
2017.13	43.9487
2017.92	43.9481
2018.7	37.9476
2019.49	31.947
2020.27	33.9464
2021.05	35.9458
2021.83	35.9453
2022.62	31.9447
2023.4	41.9441
2024.18	37.9435
2024.96	29.943
2025.75	39.9424
2026.53	43.9418
2027.31	41.9412
2028.09	33.9407
2028.87	31.9401
2029.65	37.9395
2030.43	45.9389
2031.21	35.9384
2031.99	39.9378
2032.77	41.9372
2033.55	41.9366
2034.33	39.9361
2035.11	39.9355
2035.89	43.9349
2036.67	33.9343
2037.45	35.9338
2038.23	31.9332
2039	35.9326
2039.78	37.932
2040.56	37.9315
2041.34	37.9309
2042.11	37.9303
2042.89	45.9297
2043.67	31.9292
2044.44	39.9286
2045.22	33.928
2046	31.9274
2046.77	45.9269
2047.55	33.9263
2048.32	31.9257
2049.1	39.9251
2049.87	37.9246
2050.65	39.924
2051.42	31.9234
2052.2	33.9228
2052.97	35.9223
2053.75	37.9217
2054.52	39.9211
2055.29	27.9205
2056.07	41.92
2056.84	41.9194
2057.61	39.9188
2058.39	31.9182
2059.16	43.9177
2059.93	31.9171
2060.7	33.9165
2061.48	35.9159
2062.25	39.9154
2063.02	31.9148
2063.79	45.9142
2064.56	35.9136
2065.33	23.9131
2066.1	43.9125
2066.87	35.9119
2067.64	29.9113
2068.41	33.9108
2069.18	43.9102
2069.95	41.9096
2070.72	35.909
2071.49	33.9085
2072.26	27.9079
2073.03	37.9073
2073.8	33.9067
2074.57	31.9062
2075.34	37.9056
2076.1	51.905
2076.87	39.9044
2077.64	33.9039
2078.41	35.9033
2079.17	37.9027
2079.94	33.9021
2080.71	39.9016
2081.47	33.901
2082.24	37.9004
2083.01	43.8998
2083.77	37.8993
2084.54	39.8987
2085.3	33.8981
2086.07	35.8975
2086.83	31.897
2087.6	39.8964
2088.36	39.8958
2089.13	33.8952
2089.89	33.8947
2090.65	29.8941
2091.42	39.8935
2092.18	41.8929
2092.95	35.8924
2093.71	47.8918
2094.47	39.8912
2095.23	41.8906
2096	29.8901
2096.76	35.8895
2097.52	35.8889
2098.28	35.8883
2099.04	41.8878
2099.8	37.8872
2100.57	43.8866
2101.33	41.886
2102.09	41.8855
2102.85	35.8849
2103.61	27.8843
2104.37	39.8837
2105.13	43.8832
2105.89	41.8826
2106.65	45.882
2107.41	41.8814
2108.17	37.8809
2108.92	35.8803
2109.68	39.8797
2110.44	29.8791
2111.2	39.8786
2111.96	37.878
2112.72	37.8774
2113.47	31.8768
2114.23	39.8763
2114.99	41.8757
2115.75	37.8751
2116.5	41.8745
2117.26	37.874
2118.01	33.8734
2118.77	37.8728
2119.53	33.8722
2120.28	31.8717
2121.04	41.8711
2121.79	41.8705
2122.55	33.8699
2123.3	33.8694
2124.06	33.8688
2124.81	37.8682
2125.57	35.8676
2126.32	31.8671
2127.07	35.8665
2127.83	35.8659
2128.58	29.8653
2129.33	41.8648
2130.09	37.8642
2130.84	39.8636
2131.59	37.863
2132.34	37.8625
2133.1	39.8619
2133.85	37.8613
2134.6	31.8607
2135.35	33.8602
2136.1	33.8596
2136.85	37.859
2137.6	25.8584
2138.35	37.8579
2139.1	29.8573
2139.85	35.8567
2140.6	37.8561
2141.35	43.8556
2142.1	33.855
2142.85	43.8544
2143.6	41.8538
2144.35	43.8533
2145.1	37.8527
2145.85	35.8521
2146.59	39.8515
2147.34	35.851
2148.09	29.8504
2148.84	37.8498
2149.59	39.8492
2150.33	39.8487
2151.08	33.8481
2151.83	37.8475
2152.57	37.8469
2153.32	29.8464
2154.07	33.8458
2154.81	25.8452
2155.56	27.8446
2156.3	39.8441
2157.05	37.8435
2157.79	45.8429
2158.54	35.8423
2159.28	45.8418
2160.03	47.8412
2160.77	35.8406
2161.51	35.84
2162.26	45.8395
2163	33.8389
2163.74	35.8383
2164.49	29.8377
2165.23	29.8372
2165.97	47.8366
2166.72	33.836
2167.46	41.8354
2168.2	37.8349
2168.94	41.8343
2169.68	37.8337
2170.42	37.8331
2171.17	35.8326
2171.91	31.832
2172.65	41.8314
2173.39	37.8308
2174.13	27.8303
2174.87	41.8297
2175.61	43.8291
2176.35	37.8285
2177.09	41.828
2177.83	41.8274
2178.56	39.8268
2179.3	43.8262
2180.04	39.8257
2180.78	35.8251
2181.52	39.8245
2182.26	37.8239
2182.99	35.8234
2183.73	45.8228
2184.47	31.8222
2185.21	39.8216
2185.94	41.8211
2186.68	31.8205
2187.42	33.8199
2188.15	37.8193
2188.89	33.8188
2189.63	33.8182
2190.36	33.8176
2191.1	47.817
2191.83	41.8165
2192.57	33.8159
2193.3	41.8153
2194.04	37.8147
2194.77	35.8142
2195.5	37.8136
2196.24	35.813
2196.97	43.8124
2197.7	39.8119
2198.44	27.8113
2199.17	39.8107
2199.9	39.8101
2200.64	37.8096
2201.37	35.809
2202.1	39.8084
2202.83	41.8078
2203.57	41.8073
2204.3	39.8067
2205.03	33.8061
2205.76	41.8055
2206.49	35.805
2207.22	45.8044
2207.95	33.8038
2208.68	33.8032
2209.41	33.8027
2210.14	35.8021
2210.87	33.8015
2211.6	37.8009
2212.33	41.8004
2213.06	35.7998
2213.79	35.7992
2214.52	45.7986
2215.25	51.7981
2215.97	41.7975
2216.7	43.7969
2217.43	29.7963
2218.16	39.7958
2218.88	39.7952
2219.61	33.7946
2220.34	35.794
2221.06	49.7935
2221.79	35.7929
2222.52	37.7923
2223.24	35.7917
2223.97	37.7912
2224.69	45.7906
2225.42	43.79
2226.14	35.7894
2226.87	31.7889
2227.59	39.7883
2228.32	35.7877
2229.04	43.7871
2229.77	33.7866
2230.49	35.786
2231.21	39.7854
2231.94	33.7848
2232.66	39.7843
2233.38	75.7837
2234.11	49.418
2234.83	50.6414
2235.55	51.8649
2236.27	53.0883
2237	54.3089
2237.72	55.5319
2238.44	56.7521
2239.16	27.7791
2239.88	31.7785
2240.6	41.7779
2241.32	31.7774
2242.04	37.7768
2242.76	29.7762
2243.48	37.7756
2244.2	29.7751
2244.92	33.7745
2245.64	33.7739
2246.36	41.7733
2247.08	37.7728
2247.8	33.7722
2248.52	41.7716
2249.24	23.771
2249.95	29.7705
2250.67	35.7699
2251.39	35.7693
2252.11	43.7687
2252.83	39.7682
2253.54	35.7676
2254.26	31.767
2254.98	33.7664
2255.69	39.7659
2256.41	33.7653
2257.12	35.7647
2257.84	43.7641
2258.56	35.7636
2259.27	37.763
2259.99	37.7624
2260.7	35.7618
2261.42	33.7613
2262.13	33.7607
2262.85	37.7601
2263.56	31.7595
2264.27	33.759
2264.99	37.7584
2265.7	35.7578
2266.41	37.7572
2267.13	39.7567
2267.84	41.7561
2268.55	31.7555
2269.26	39.7549
2269.98	37.7544
2270.69	37.7538
2271.4	37.7532
2272.11	35.7526
2272.82	39.7521
2273.53	41.7515
2274.24	39.7509
2274.95	31.7503
2275.67	39.7498
2276.38	41.7492
2277.09	37.7486
2277.8	45.748
2278.5	37.7475
2279.22	35.7469
2279.92	39.7463
2280.63	47.7457
2281.34	33.7452
2282.05	29.7446
2282.76	39.744
2283.47	33.7434
2284.17	35.7429
2284.88	37.7423
2285.59	43.7417
2286.3	43.7411
2287	37.7406
2287.71	37.74
2288.42	39.7394
2289.12	37.7388
2289.83	39.7383
2290.54	31.7377
2291.24	35.7371
2291.95	39.7365
2292.65	35.736
2293.36	27.7354
2294.06	41.7348
2294.77	35.7342
2295.47	37.7337
2296.18	33.7331
2296.88	33.7325
2297.58	29.7319
2298.29	37.7314
2298.99	35.7308
2299.69	29.7302
2300.4	39.7296
2301.1	39.7291
2301.8	35.7285
2302.5	41.7279
2303.21	43.7273
2303.91	37.7268
2304.61	35.7262
2305.31	37.7256
2306.01	31.725
2306.71	41.7245
2307.41	35.7239
2308.11	37.7233
2308.81	43.7227
2309.51	39.7222
2310.22	33.7216
2310.92	31.721
2311.61	35.7204
2312.31	35.7199
2313.01	37.7193
2313.71	45.7187
2314.41	37.7181
2315.11	39.7176
2315.81	43.717
2316.5	29.7164
2317.2	41.7158
2317.9	37.7153
2318.6	39.7147
2319.29	35.7141
2319.99	41.7135
2320.69	37.713
2321.38	41.7124
2322.08	43.7118
2322.78	35.7112
2323.47	31.7107
2324.17	33.7101
2324.86	45.7095
2325.56	41.7089
2326.26	31.7084
2326.95	37.7078
2327.65	47.7072
2328.34	41.7066
2329.03	41.7061
2329.73	35.7055
2330.42	41.7049
2331.11	31.7043
2331.81	39.7038
2332.5	31.7032
2333.2	39.7026
2333.89	45.702
2334.58	29.7015
2335.27	39.7009
2335.96	45.7003
2336.66	37.6997
2337.35	33.6992
2338.04	41.6986
2338.73	35.698
2339.42	37.6974
2340.11	37.6969
2340.8	37.6963
2341.49	37.6957
2342.18	41.6951
2342.87	39.6946
2343.56	33.694
2344.25	39.6934
2344.94	31.6928
2345.63	43.6923
2346.32	35.6917
2347.01	37.6911
2347.7	41.6905
2348.38	33.69
2349.07	31.6894
2349.76	37.6888
2350.45	41.6882
2351.14	35.6877
2351.82	27.6871
2352.51	35.6865
2353.2	41.6859
2353.88	35.6854
2354.57	31.6848
2355.25	27.6842
2355.94	39.6836
2356.63	39.6831
2357.31	35.6825
2358	33.6819
2358.68	41.6813
2359.37	37.6808
2360.05	41.6802
2360.74	37.6796
2361.42	33.679
2362.1	37.6785
2362.79	31.6779
2363.47	39.6773
2364.16	37.6767
2364.84	41.6762
2365.52	35.6756
2366.2	39.675
2366.89	37.6744
2367.57	29.6739
2368.25	43.6733
2368.93	41.6727
2369.61	31.6721
2370.29	25.6716
2370.98	35.671
2371.66	35.6704
2372.34	41.6698
2373.02	37.6693
2373.7	41.6687
2374.38	45.6681
2375.06	83.6675
2375.74	61.667
2376.42	41.6664
2377.1	43.6658
2377.78	33.6652
2378.46	34.5954
2379.13	34.5954
2379.81	34.5954
2380.49	34.5954
2381.17	34.5954
2381.85	31.6618
2382.52	35.6612
2383.2	37.6606
2383.88	33.6601
2384.55	37.6539
2385.23	37.6627
2385.91	39.6303
2386.58	37.6811
2387.26	31.9685
2387.94	39.5316
2388.61	43.0404
2389.29	35.6027
2389.96	35.6897
2390.64	31.8873
2391.31	40.9738
2391.99	48.4459
2392.66	34.1824
2393.33	35.4813
2394.01	40.1408
2394.68	31.2008
2395.36	38.9857
2396.03	36.7048
2396.7	39.5224
2397.38	46.4926
2398.05	37.2266
2398.72	30.4897
2399.39	30.4396
2400.06	40.3673
2400.74	34.5527
2401.41	33.8977
2402.08	42.9984
2402.75	42.4891
2403.42	35.0217
2404.09	36.7704
2404.76	35.3159
2405.43	37.3577
2406.1	41.2424
2406.77	36.5364
2407.44	37.4539
2408.11	40.9984
2408.78	40.189
2409.45	37.5617
2410.12	36.0091
2410.79	33.2956
2411.46	40.4146
2412.12	45.7066
2412.79	39.4758
2413.46	47.5638
2414.13	37.7384
2414.79	39.2473
2415.46	40.2656
2416.13	40.1578
2416.8	35.263
2417.46	37.3817
2418.13	42.8723
2418.79	41.52
2419.46	35.024
2420.13	41.8723
2420.79	38.9801
2421.46	39.634
2422.12	39.7853
2422.79	43.6053
2423.45	39.5244
2424.11	39.5848
2424.78	40.422
2425.44	40.3692
2426.11	37.1869
2426.77	36.7347
2427.43	42.6548
2428.09	39.1297
2428.76	41.0926
2429.42	41.1898
2430.08	38.3725
2430.75	41.3943
2431.41	43.752
2432.07	40.5304
2432.73	42.421
2433.39	40.9828
2434.05	41.1869
2434.71	34.3232
2435.37	44.1517
2436.04	40.0561
2436.7	45.2377
2437.35	43.3822
2438.01	40.2197
2438.67	39.2784
2439.33	42.802
2439.99	42.6574
2440.65	35.4927
2441.31	39.7102
2441.97	35.5768
2442.63	41.749
2443.29	38.4092
2443.94	39.9755
2444.6	42.2219
2445.26	43.2867
2445.92	39.6342
2446.57	38.7191
2447.23	42.3328
2447.89	40.3839
2448.54	43.7819
2449.2	40.2872
2449.86	38.3635
2450.51	38.7737
2451.17	39.8936
2451.82	39.6544
2452.48	37.7893
2453.13	39.9017
2453.79	43.737
2454.44	41.7151
2455.09	38.5416
2455.75	31.6351
2456.4	35.3298
2457.06	36.5662
2457.71	41.9797
2458.36	46.3379
2458.74	46.3587
2459.46	42.3583
2460.19	40.3579
2460.91	40.3575
2461.64	44.3571
2462.36	40.3567
2463.08	42.3563
2463.8	44.3559
2464.53	40.3554
2465.25	34.355
2465.97	38.3546
2466.69	46.3542
2467.41	34.3538
2468.14	38.3534
2468.86	40.353
2469.58	48.3526
2470.3	42.3521
2471.02	32.3517
2471.74	50.3513
2472.46	32.3509
2473.18	32.3505
2473.9	42.3501
2474.62	44.3497
2475.34	44.3493
2476.06	44.3488
2476.78	40.3484
2477.5	38.348
2478.22	38.3476
2478.94	40.3472
2479.66	36.3468
2480.38	32.3464
2481.09	36.346
2481.81	40.3455
2482.53	46.3451
2483.25	46.3447
2483.97	40.3443
2484.68	46.3439
2485.4	42.3435
2486.12	36.3431
2486.83	40.3427
2487.55	48.3422
2488.27	36.3418
2488.98	42.3414
2489.7	42.341
2490.41	40.3406
2491.13	34.3402
2491.85	50.3398
2492.56	38.3394
2493.28	42.3389
2493.99	38.3385
2494.71	38.3381
2495.42	30.3377
2496.13	36.3373
2496.85	44.3369
2497.56	40.3365
2498.28	40.3361
2498.99	42.0108
2499.7	42.0108
2500.42	42.0108
2501.13	42.0108
2501.84	42.0108
2502.55	42.0108
2503.27	42.0108
2503.98	42.0108
2504.69	42.0108
2505.4	42.0108
2506.12	42.0108
2506.83	42.0108
2507.54	42.0108
2508.25	42.0108
2508.96	42.0108
2509.67	42.0108
2510.38	42.0108
2511.09	32.3286
2511.8	40.3282
2512.51	38.3278
2513.22	34.3274
2513.93	34.327
2514.64	40.3266
2515.35	38.3262
2516.06	38.3257
2516.77	40.3253
2517.48	36.3249
2518.18	30.3245
2518.89	36.3241
2519.6	36.3237
2520.31	38.3233
2521.02	38.3229
2521.72	34.3224
2522.43	36.322
2523.14	40.3216
2523.85	48.3212
2524.55	42.3208
2525.26	32.3204
2525.96	46.32
2526.67	32.3196
2527.38	40.3192
2528.08	36.3187
2528.79	34.3183
2529.49	44.3179
2530.2	50.3175
2530.9	40.3171
2531.61	40.3167
2532.31	42.3163
2533.02	46.3159
2533.72	42.3154
2534.43	44.315
2535.13	34.3146
2535.83	36.3142
2536.54	44.3138
2537.24	46.3134
2537.95	38.313
2538.65	38.3126
2539.35	36.3121
2540.05	36.3117
2540.76	40.3113
2541.46	34.3109
2542.16	46.3105
2542.86	38.3101
2543.56	42.3097
2544.26	46.3093
2544.97	44.3088
2545.67	38.3084
2546.37	42.308
2547.07	36.3076
2547.77	40.3072
2548.47	36.3068
2549.17	44.3064
2549.87	38.306
2550.57	38.3055
2551.27	38.3051
2551.97	36.3047
2552.67	40.3043
2553.37	42.3039
2554.06	42.3035
2554.76	46.3031
2555.46	46.3027
2556.16	38.3022
2556.86	42.3018
2557.56	44.3014
2558.25	44.301
2558.95	34.3006
2559.65	34.3002
2560.35	38.2998
2561.04	30.2994
2561.74	48.2989
2562.44	40.2985
2563.13	40.2981
2563.83	34.2977
2564.52	34.2973
2565.22	42.2969
2565.92	42.2965
2566.61	38.2961
2567.31	36.2956
2568	30.2952
2568.7	46.2948
2569.39	42.2944
2570.09	38.294
2570.78	36.2936
2571.47	50.2932
2572.17	42.2928
2572.86	50.2924
2573.56	46.2919
2574.25	44.2915
2574.94	48.2911
2575.63	40.2907
2576.33	44.2903
2577.02	38.2899
2577.71	42.2895
2578.4	44.2891
2579.1	40.2886
2579.79	44.2882
2580.48	40.2878
2581.17	42.2874
2581.86	48.287
2582.55	46.2866
2583.24	46.2862
2583.94	46.2858
2584.63	44.2853
2585.32	38.2849
2586.01	34.2845
2586.7	42.2841
2587.39	38.2837
2588.07	44.2833
2588.76	40.2829
2589.45	40.2825
2590.14	36.282
2590.83	38.2816
2591.52	38.2812
2592.21	38.2808
2592.9	44.2804
2593.58	46.28
2594.27	46.2796
2594.96	42.2792
2595.65	50.2787
2596.33	36.2783
2597.02	40.2779
2597.71	32.2775
2598.4	42.2771
2599.08	44.2767
2599.77	52.2763
2600.45	46.2759
2601.14	38.2754
2601.82	44.275
2602.51	44.2746
2603.2	40.2742
2603.88	44.2738
2604.57	46.2734
2605.25	42.273
2605.94	44.2726
2606.62	48.2721
2607.31	40.2717
2607.99	38.2713
2608.67	36.2709
2609.36	42.2705
2610.04	42.2701
2610.72	36.2697
2611.41	42.2693
2612.09	56.2688
2612.77	42.2684
2613.45	40.268
2614.14	44.2676
2614.82	42.2672
2615.5	50.2668
2616.18	42.2664
2616.86	40.266
2617.54	40.2655
2618.23	44.2651
2618.91	46.2647
2619.59	42.2643
2620.27	46.2639
2620.95	50.2635
2621.63	50.2631
2622.31	42.2627
2622.99	48.2622
2623.67	48.2618
2624.35	50.2614
2625.03	44.261
2625.71	62.2606
2626.38	44.2602
2627.06	56.2598
2627.74	42.2594
2628.42	46.2589
2629.1	48.2585
2629.78	42.2581
2630.45	44.2577
2631.13	48.2573
2631.81	56.2569
2632.49	46.2565
2633.16	42.2561
2633.84	48.2556
2634.52	40.2552
2635.19	46.2548
2635.87	50.2544
2636.54	42.254
2637.22	50.2536
2637.9	54.2532
2638.57	48.2528
2639.25	44.2524
2639.92	44.2519
2640.6	46.2515
2641.27	56.2511
2641.95	52.2507
2642.62	42.2503
2643.29	52.2499
2643.97	56.2495
2644.64	54.2491
2645.31	60.2486
2645.99	50.2482
2646.66	54.2478
2647.33	56.2474
2648.01	64.247
2648.68	48.2466
2649.35	58.2462
2650.02	64.2458
2650.7	58.2453
2651.37	62.2449
2652.04	64.2445
2652.71	58.2441
2653.38	64.2437
2654.05	52.2433
2654.72	54.2429
2655.4	62.2425
2656.07	64.242
2656.74	56.2416
2657.41	54.2412
2658.08	66.2408
2658.75	62.2404
2659.41	62.24
2660.08	58.2396
2660.75	60.2392
2661.42	66.2387
2662.09	66.2383
2662.76	74.2379
2663.43	72.2375
2664.1	74.2371
2664.77	72.2367
2665.43	74.2363
2666.1	74.2359
2666.77	64.2354
2667.44	72.235
2668.1	80.2346
2668.77	68.2342
2669.43	86.2338
2670.1	72.2334
2670.77	76.233
2671.43	80.2326
2672.1	70.2321
2672.76	78.2317
2673.43	80.2313
2674.1	66.2309
2674.76	70.2305
2675.43	84.2301
2676.09	80.2297
2676.76	82.2293
2677.42	80.2289
2678.08	72.2284
2678.75	80.228
2679.41	78.2276
2680.07	82.2272
2680.74	90.2268
2681.4	86.2264
2682.06	84.226
2682.73	82.2255
2683.39	86.2251
2684.05	96.2247
2684.71	98.2243
2685.38	92.2239
2686.04	80.2235
2686.7	94.2231
2687.36	92.2227
2688.02	88.2223
2688.68	82.2218
2689.35	96.2214
2690.01	92.221
2690.67	102.221
2691.33	94.2202
2691.99	98.2198
2692.65	90.2194
2693.31	90.219
2693.97	104.219
2694.63	98.2181
2695.28	104.218
2695.94	102.217
2696.6	92.2169
2697.26	96.2165
2697.92	102.216
2698.58	98.2157
2699.24	90.2152
2699.89	90.2148
2700.55	102.214
2701.21	94.214
2701.87	94.2136
2702.52	102.213
2703.18	102.213
2703.84	90.2124
2704.49	92.2119
2705.15	90.2115
2705.81	110.211
2706.46	98.2107
2707.12	92.2103
2707.77	108.21
2708.43	90.2095
2709.08	80.2091
2709.74	94.2086
2710.39	92.2082
2711.05	92.2078
2711.7	96.2074
2712.36	84.207
2713.01	86.2066
2713.66	94.2062
2714.32	88.2058
2714.97	88.2053
2715.62	86.2049
2716.28	92.2045
2716.93	90.2041
2717.58	84.2037
2718.24	90.2033
2718.89	82.2029
2719.54	84.2025
2720.19	96.202
2720.84	88.2016
2721.5	86.2012
2722.15	76.2008
2722.8	76.2004
2723.45	76.2
2724.1	74.1996
2724.75	78.1992
2725.4	68.1987
2726.05	76.1983
2726.7	74.1979
2727.35	78.1975
2728	74.1971
2728.65	80.1967
2729.3	82.1963
2729.95	66.1959
2730.6	66.1954
2731.24	62.195
2731.89	64.1946
2732.54	66.1942
2733.19	60.1938
2733.84	60.1934
2734.48	86.193
2735.13	68.1926
2735.78	58.1922
2736.43	78.1917
2737.07	72.1913
2737.72	60.1909
2738.37	60.1905
2739.01	60.1901
2739.66	70.1897
2740.3	54.1893
2740.95	52.1889
2741.6	66.1884
2742.24	58.188
2742.89	60.1876
2743.53	50.1872
2744.18	62.1868
2744.82	64.1864
2745.47	68.186
2746.11	60.1856
2746.75	56.1851
2747.4	56.1847
2748.04	50.1843
2748.69	60.1839
2749.33	48.1835
2749.97	50.1831
2750.61	60.1827
2751.26	42.1823
2751.9	46.1818
2752.54	48.1814
2753.18	52.181
2753.83	48.1806
2754.47	50.1802
2755.11	44.1798
2755.75	56.1794
2756.39	56.179
2757.03	42.1785
2757.67	48.1781
2758.31	62.1777
2758.95	50.1773
2759.59	48.1769
2760.23	46.1765
2760.87	48.1761
2761.51	40.1757
2762.15	52.1752
2762.79	44.1748
2763.43	48.1744
2764.07	46.174
2764.71	54.1736
2765.35	54.1732
2765.99	42.1728
2766.62	46.1724
2767.26	46.1719
2767.9	42.1724
2768.54	46.1728
2769.17	46.1732
2769.81	46.1736
2770.45	44.174
2771.08	40.1744
2771.72	48.1748
2772.36	48.1753
2772.99	48.1757
2773.63	52.1761
2774.27	50.1765
2774.9	44.1769
2775.54	38.1773
2776.17	44.1777
2776.81	44.1781
2777.44	52.1786
2778.08	46.179
2778.71	38.1794
2779.34	48.1798
2779.98	46.1802
2780.61	40.1806
2781.25	38.181
2781.88	44.1814
2782.51	50.1819
2783.15	42.1823
2783.78	44.1827
2784.41	44.1831
2785.04	42.1835
2785.68	34.1839
2786.31	50.1843
2786.94	40.1848
2787.57	46.1852
2788.2	50.1856
2788.83	46.186
2789.47	42.1864
2790.1	46.1868
2790.73	40.1872
2791.36	40.1876
2791.99	38.1881
2792.62	40.1885
2793.25	42.1889
2793.88	42.1893
2794.51	56.1897
2795.14	44.1901
2795.77	46.1905
2796.4	36.191
2797.02	42.1914
2797.65	44.1918
2798.28	42.1922
2798.91	42.1926
2799.54	38.193
2800.16	34.1934
2800.79	42.1938
2801.42	50.1943
2802.05	44.1947
2802.67	50.1951
2803.3	38.1955
2803.93	34.1959
2804.55	40.1963
2805.18	42.1967
2805.81	36.1972
2806.43	44.1976
2807.06	38.198
2807.68	60.1984
2808.31	48.1988
2808.93	40.1992
2809.56	48.1996
2810.18	42.2
2810.81	42.2005
2811.43	42.2009
2812.06	40.2013
2812.68	42.2017
2813.3	42.2021
2813.93	42.2025
2814.55	42.2029
2815.18	36.2034
2815.8	36.2038
2816.42	36.2042
2817.04	42.2046
2817.67	46.205
2818.29	38.2054
2818.91	44.2058
2819.53	46.2062
2820.15	38.2067
2820.78	40.2071
2821.4	38.2075
2822.02	44.2079
2822.64	42.2083
2823.26	38.2087
2823.88	36.2091
2824.5	38.2095
2825.12	44.21
2825.74	30.2104
2826.36	42.2108
2826.98	42.2112
2827.6	34.2116
2828.22	36.212
2828.84	44.2124
2829.46	38.2129
2830.08	36.2133
2830.69	38.2137
2831.31	42.2141
2831.93	34.2145
2832.55	44.2149
2833.17	42.2153
2833.78	42.2158
2834.4	46.2162
2835.02	44.2166
2835.63	36.217
2836.25	50.2174
2836.87	36.2178
2837.48	36.2182
2838.1	40.2186
2838.72	44.2191
2839.33	32.2195
2839.95	34.2199
2840.56	44.2203
2841.18	40.2207
2841.79	38.2211
2842.41	44.2215
2843.02	38.2219
2843.64	48.2224
2844.25	40.2228
2844.86	42.2232
2845.48	38.2236
2846.09	38.224
2846.7	44.2244
2847.32	34.2248
2847.93	48.2253
2848.54	48.2257
2849.16	40.2261
2849.77	36.2265
2850.38	42.2269
2850.99	42.2273
2851.6	46.2277
2852.22	32.2281
2852.83	32.2286
2853.44	46.229
2854.05	42.2294
2854.66	34.2298
2855.27	38.2302
2855.88	44.2306
2856.49	48.231
2857.1	38.2315
2857.71	40.2319
2858.32	42.2323
2858.93	32.2327
2859.54	42.2331
2860.15	36.2335
2860.76	44.2339
2861.37	42.2343
2861.98	36.2348
2862.58	36.2352
2863.19	42.2356
2863.8	38.236
2864.41	44.2364
2865.01	42.2368
2865.62	42.2372
2866.23	46.2377
2866.84	34.2381
2867.44	42.2385
2868.05	44.2389
2868.66	42.2393
2869.26	44.2397
2869.87	42.2401
2870.47	46.2405
2871.08	40.241
2871.69	46.2414
2872.29	46.2418
2872.9	42.2422
2873.5	40.2426
2874.11	50.243
2874.71	40.2434
2875.31	48.2438
2875.92	36.2443
2876.52	40.2447
2877.13	44.2451
2877.73	44.2455
2878.33	44.2459
2878.94	42.2463
2879.54	46.2467
2880.14	40.2472
2880.74	40.2476
2881.35	46.248
2881.95	40.2484
2882.55	40.2488
2883.15	40.2492
2883.75	36.2496
2884.36	36.25
2884.96	48.2505
2885.56	36.2509
2886.16	36.2513
2886.76	40.2517
2887.36	42.2521
2887.96	38.2525
2888.56	46.2529
2889.16	48.2534
2889.76	42.2538
2890.36	42.2542
2890.96	40.2546
2891.56	36.255
2892.16	46.2554
2892.76	42.2558
2893.35	36.2562
2893.95	42.2567
2894.55	44.2571
2895.15	40.2575
2895.75	42.2579
2896.34	42.2583
2896.94	36.2587
2897.54	42.2591
2898.13	38.2596
2898.73	34.26
2899.33	36.2604
2899.92	48.2608
2900.52	40.2612
2901.12	32.2616
2901.71	54.262
2902.31	50.2624
2902.9	46.2629
2903.5	42.2633
2904.09	40.2637
2904.69	30.2641
2905.28	52.2645
2905.88	50.2649
2906.47	36.2653
2907.07	40.2658
2907.66	44.2662
2908.25	44.2666
2908.85	42.267
2909.44	44.2674
2910.03	38.2678
2910.63	46.2682
2911.22	38.2686
2911.81	44.2691
2912.4	40.2695
2913	28.2699
2913.59	50.2703
2914.18	50.2707
2914.77	42.2711
2915.36	48.2715
2915.95	38.2719
2916.54	32.2724
2917.13	42.2728
2917.73	42.2732
2918.32	42.2736
2918.91	46.274
2919.5	46.2744
2920.09	42.2748
2920.68	40.2753
2921.26	42.2757
2921.85	42.2761
2922.44	46.2765
2923.03	46.2769
2923.62	44.2773
2924.21	48.2777
2924.8	54.2781
2925.39	44.2786
2925.97	44.279
2926.56	34.2794
2927.15	44.2798
2927.73	48.2802
2928.32	38.2806
2928.91	44.281
2929.5	50.2815
2930.08	46.2819
2930.67	38.2823
2931.26	42.2827
2931.84	52.2831
2932.43	38.2835
2933.01	50.2839
2933.6	48.2843
2934.18	42.2848
2934.77	44.2852
2935.35	42.2856
2935.94	50.286
2936.52	40.2864
2937.11	38.2868
2937.69	46.2872
2938.27	38.2877
2938.86	40.2881
2939.44	40.2885
2940.02	46.2889
2940.61	40.2893
2941.19	38.2897
2941.77	48.2901
2942.35	46.2905
2942.94	42.291
2943.52	38.2914
2944.1	44.2918
2944.68	46.2922
2945.26	40.2926
2945.84	44.293
2946.42	40.2934
2947.01	40.2938
2947.59	46.2943
2948.17	36.2947
2948.75	40.2951
2949.33	36.2955
2949.91	46.2959
2950.49	44.2963
2951.07	42.2967
2951.65	44.2972
2952.23	48.2976
2952.8	40.298
2953.38	38.3188
2953.96	40.269
2954.54	36.6227
2955.12	44.2189
2955.7	40.4497
2956.27	36.7643
2956.85	46.0823
2957.43	46.0197
2958.01	49.9465
2958.58	44.4187
2959.16	51.6557
2959.74	49.6158
2960.31	39.1085
2960.89	44.4696
2961.46	49.1624
2962.04	40.7006
2962.62	42.6636
2963.19	46.2414
2963.77	50.0223
2964.34	42.7269
2964.92	43.5353
2965.49	43.2728
2966.07	39.1754
2966.64	44.3792
2967.21	44.1971
2967.79	41.574
2968.36	42.9106
2968.94	43.9937
2969.51	46.4964
2970.08	44.6068
2970.66	39.2448
2971.23	46.5296
2971.8	45.3212
2972.37	41.7076
2972.95	39.1009
2973.52	39.6953
2974.09	43.6237
2974.66	43.8976
2975.23	36.1315
2975.8	44.8317
2976.37	42.9419
2976.94	42.8331
2977.51	40.0766
2978.09	37.1568
2978.65	46.0826
2979.23	44.3347
2979.79	38.7496
2980.36	43.6362
2980.93	39.5753
2981.5	44.4355
2982.07	43.5028
2982.64	46.7396
2983.21	45.0504
2983.78	43.6651
2984.35	42.3313
2984.92	38.0139
2985.48	41.5165
2986.05	38.0488
2986.62	42.734
2987.18	42.6676
2987.75	40.0362
2988.32	34.6888
2988.89	41.802
2989.45	41.5656
2990.02	36.0345
2990.58	41.4482
2991.15	36.5205
2991.72	39.1688
2992.28	36.1189
2992.85	37.1662
2993.41	39.1764
2993.98	40.5947
2994.54	34.5849
2995.11	34.5991
2995.67	38.8258
2996.24	34.6568
2996.8	36.8009
2997.36	38.697
2997.93	39.8994
2998.49	43.0751
2999.05	43.3403
2999.62	37.6092
3000.18	37.1187
3000.74	42.0058
3001.3	44.0374
3001.87	40.2478
3002.43	38.4002
3002.99	37.0098
3003.55	40.0593
3004.11	41.7097
3004.67	41.709
3005.24	41.6987
3005.8	42.3231
3006.36	35.8461
3006.92	40.009
3007.48	34.5461
3008.04	36.0345
3008.6	33.3037
3009.16	39.7276
3009.72	41.4638
3010.28	37.1879
3010.84	34.3047
3011.4	35.7792
3011.95	44.3189
3012.51	37.0662
3013.07	36.1692
3013.63	40.2061
3014.19	39.4213
3014.74	41.6603
3015.3	42.787
3015.86	36.2603
3016.33	31.7481
3016.96	39.7489
3017.59	39.7497
3018.22	37.7505
3018.84	35.7514
3019.47	33.7522
3020.1	41.753
3020.73	37.7538
3021.35	29.7547
3021.98	35.7555
3022.61	35.7563
3023.23	41.7571
3023.86	45.7579
3024.49	37.7588
3025.11	41.7596
3025.74	43.7604
3026.36	33.7612
3026.99	37.7621
3027.61	43.7629
3028.24	37.7637
3028.86	19.7645
3029.49	39.7654
3030.11	31.7662
3030.74	49.767
3031.36	33.7678
3031.99	27.7687
3032.61	37.7695
3033.23	47.7703
3033.86	41.7711
3034.48	35.7719
3035.1	31.7728
3035.73	37.7736
3036.35	37.7744
3036.97	35.7752
3037.6	37.7761
3038.22	39.7769
3038.84	45.7777
3039.46	31.7785
3040.08	39.7794
3040.71	45.7802
3041.33	37.781
3041.95	39.7818
3042.57	39.7826
3043.19	39.7835
3043.81	37.7843
3044.43	43.7851
3045.05	31.7859
3045.67	35.7868
3046.29	35.7876
3046.91	35.7884
3047.53	33.7892
3048.15	35.7901
3048.77	39.7909
3049.39	35.7917
3050.01	39.7925
3050.63	37.7934
3051.25	49.7942
3051.87	41.795
3052.49	25.7958
3053.1	33.7966
3053.72	43.7975
3054.34	31.7983
3054.96	31.7991
3055.57	37.7999
3056.19	33.8008
3056.81	37.8016
3057.43	41.8024
3058.04	31.8032
3058.66	43.8041
3059.28	35.8049
3059.89	33.8057
3060.51	39.8065
3061.13	35.8073
3061.74	29.8082
3062.36	35.809
3062.97	33.8098
3063.59	35.8106
3064.2	31.8115
3064.82	47.8123
3065.43	37.8131
3066.05	31.8139
3066.66	37.8148
3067.28	35.8156
3067.89	45.8164
3068.51	39.8172
3069.12	43.8181
3069.73	37.8189
3070.35	41.8197
3070.96	35.8205
3071.57	39.8213
3072.19	37.8222
3072.8	37.823
3073.41	37.8238
3074.02	29.8246
3074.64	39.8255
3075.25	39.8263
3075.86	31.8271
3076.47	37.8279
3077.08	45.8288
3077.69	43.8296
3078.31	31.8304
3078.92	37.8312
3079.53	33.832
3080.14	39.8329
3080.75	39.8337
3081.36	27.8345
3081.97	33.8353
3082.58	39.8362
3083.19	33.837
3083.8	29.8378
3084.41	29.8386
3085.02	41.8395
3085.63	39.8403
3086.24	35.8411
3086.84	33.8419
3087.45	31.8427
3088.06	41.8436
3088.67	31.8444
3089.28	31.8452
3089.89	27.846
3090.49	37.8469
3091.1	41.8477
3091.71	31.8485
3092.32	37.8493
3092.92	43.8502
3093.53	29.851
3094.14	41.8518
3094.74	35.8526
3095.35	29.8535
3095.96	33.8543
3096.56	35.8551
3097.17	33.8559
3097.77	39.8567
3098.38	37.8576
3098.99	33.8584
3099.59	29.8592
3100.2	31.86
3100.8	41.8609
3101.4	35.8617
3102.01	39.8625
3102.61	37.8633
3103.22	33.8642
3103.82	41.865
3104.43	29.8658
3105.03	45.8666
3105.63	37.8674
3106.24	39.8683
3106.84	33.8691
3107.44	41.8699
3108.05	37.8707
3108.65	37.8716
3109.25	33.8724
3109.85	33.8732
3110.45	37.874
3111.06	39.8749
3111.66	45.8757
3112.26	37.8765
3112.86	35.8773
3113.46	39.8782
3114.06	41.879
3114.66	39.8798
3115.26	41.8806
3115.86	43.8814
3116.47	41.8823
3117.07	33.8831
3117.67	37.8839
3118.27	37.8847
3118.87	41.8856
3119.46	37.8864
3120.06	37.8872
3120.66	33.888
3121.26	35.8889
3121.86	31.8897
3122.46	35.8905
3123.06	31.8913
3123.66	37.8921
3124.26	37.893
3124.85	35.8938
3125.45	35.8946
3126.05	37.8954
3126.64	39.8963
3127.24	27.8971
3127.84	37.8979
3128.44	39.8987
3129.03	39.8996
3129.63	33.9004
3130.23	33.9012
3130.82	33.902
3131.42	35.9029
3132.01	41.9037
3132.61	31.9045
3133.2	39.9053
3133.8	35.9061
3134.4	39.907
3134.99	37.9078
3135.59	39.9086
3136.18	35.9094
3136.78	37.9103
3137.37	29.9111
3137.96	35.9119
3138.56	35.9127
3139.15	43.9136
3139.74	33.9144
3140.34	33.9152
3140.93	33.916
3141.52	37.9168
3142.12	33.9177
3142.71	39.9185
3143.3	31.9193
3143.9	31.9201
3144.49	37.921
3145.08	35.9218
3145.67	35.9226
3146.26	35.9234
3146.85	45.9243
3147.45	35.9251
3148.04	41.9259
3148.63	39.9267
3149.22	33.9276
3149.81	33.9284
3150.4	33.9292
3150.99	37.93
3151.58	37.9308
3152.17	37.9317
3152.76	33.9325
3153.35	39.9333
3153.94	41.9341
3154.53	43.935
3155.12	25.9358
3155.71	39.9366
3156.29	31.9374
3156.88	31.9383
3157.47	35.9391
3158.06	35.9399
3158.65	37.9407
3159.24	35.9415
3159.82	39.9424
3160.41	31.9432
3161	35.944
3161.59	35.9448
3162.17	39.9457
3162.76	31.9465
3163.35	39.9473
3163.93	33.9481
3164.52	37.949
3165.1	39.9498
3165.69	37.9506
3166.28	45.9514
3166.86	43.9522
3167.45	39.9531
3168.03	33.9539
3168.62	33.9547
3169.2	37.9555
3169.79	45.9564
3170.37	35.9572
3170.96	41.958
3171.54	33.9588
3172.12	33.9597
3172.71	39.9605
3173.29	37.9613
3173.88	43.9621
3174.46	31.963
3175.04	39.9638
3175.63	33.9646
3176.21	37.9654
3176.79	37.9662
3177.37	35.9671
3177.96	39.9679
3178.54	37.9687
3179.12	43.9695
3179.7	45.9704
3180.28	35.9712
3180.86	33.972
3181.45	39.9728
3182.03	43.9737
3182.61	29.9745
3183.19	43.9753
3183.77	43.9761
3184.35	35.9769
3184.93	35.9778
3185.51	31.9786
3186.09	33.9794
3186.67	41.9802
3187.25	37.9811
3187.83	27.9819
3188.41	45.9827
3188.99	35.9835
3189.56	35.9844
3190.14	37.9852
3190.72	33.986
3191.3	35.9868
3191.88	35.9877
3192.46	41.9885
3193.03	31.9893
3193.61	33.9901
3194.19	41.9909
3194.77	35.9918
3195.34	39.9926
3195.92	43.9934
3196.5	35.9942
3197.07	33.9951
3197.65	33.9959
3198.23	33.9967
3198.8	41.9975
3199.38	37.9984
3199.95	35.9992
