50.2234	5526
50.8483	6133.94
51.4722	6517.87
52.0959	6817.81
52.7197	7091.75
53.3433	7343.68
53.9669	7481.62
54.5905	7597.56
55.2139	7739.49
55.8364	7621.43
56.4597	7707.37
57.082	7765.3
57.7052	7817.24
58.3274	7711.18
58.9496	7739.11
59.5716	7837.05
60.1936	7820.99
60.8156	7756.92
61.4375	7864.86
62.0583	7808.8
62.6801	7810.73
63.3008	7910.67
63.9224	7836.61
64.543	7754.54
65.1635	7774.48
65.784	7808.42
66.4044	7726.35
67.0248	7834.29
67.6451	7806.23
68.2653	7846.16
68.8855	7920.1
69.5046	7768.04
70.1247	7913.98
70.7437	7999.91
71.3626	7965.85
71.9815	7913.79
72.6003	7943.72
73.2191	7887.66
73.8378	7973.6
74.4565	7939.53
75.075	7889.47
75.6926	7877.41
76.3111	7857.34
76.9285	7893.28
77.5468	7943.22
78.1641	7995.15
78.7814	7861.09
79.3986	7899.03
80.0157	8024.96
80.6328	7942.9
81.2488	7896.84
81.8657	8052.77
82.4826	8020.71
83.0985	7942.65
83.7143	7942.58
84.331	7926.52
84.9466	7854.46
85.5622	8036.39
86.1778	7964.33
86.7933	7910.27
87.4087	7964.2
88.0231	7946.14
88.6384	8000.08
89.2527	7910.01
89.8679	7889.95
90.482	7945.89
91.0961	7917.82
91.7101	7903.76
92.3241	8003.7
92.938	7909.63
93.5519	7957.57
94.1657	8003.51
94.7794	7963.44
95.3921	8027.38
96.0057	7951.32
96.6183	7921.25
97.2308	8007.19
97.8433	7953.13
98.4557	7979.06
99.068	7915
99.6803	7982.94
100.293	7954.87
100.905	7792.81
101.516	7980.75
102.128	7992.68
102.739	8038.62
103.35	8070.56
103.961	8002.49
104.572	8138.43
105.182	8006.37
105.793	8062.3
106.404	8048.24
107.014	7928.18
107.624	8046.11
108.234	8098.05
108.844	8115.99
109.454	8051.92
110.064	8161.86
110.673	8317.8
111.282	8307.74
111.891	8377.67
112.5	8425.61
113.108	8363.54
113.717	8105.48
114.326	8225.42
114.934	8045.36
115.542	8145.29
116.151	8129.23
116.758	8035.17
117.366	8009.1
117.974	8003.04
118.58	7878.98
119.188	7934.91
119.795	7922.85
120.402	7926.79
121.009	7952.72
121.615	7948.66
122.221	7924.6
122.828	7994.53
123.435	7946.47
124.041	7872.41
124.646	7840.34
125.252	7938.28
125.857	7888.22
126.462	7878.15
127.068	7878.09
127.673	7972.03
128.277	7921.96
128.883	7871.9
129.488	7887.84
130.092	7953.77
130.695	7887.71
131.3	7905.65
131.904	7981.58
132.507	7895.52
133.112	7795.46
133.715	7797.39
134.319	7869.33
134.922	7873.27
135.525	7893.2
136.128	7843.14
136.731	7909.08
137.333	7841.01
137.935	7914.95
138.538	7908.89
139.14	7936.82
139.741	7916.76
140.344	7854.7
140.945	7802.63
141.547	7894.57
142.148	7830.51
142.75	7976.44
143.351	7982.38
143.951	7878.32
144.552	7918.25
145.153	7884.19
145.754	7928.13
146.354	7954.06
146.954	7818
147.553	7849.94
148.153	7887.87
148.753	7877.81
149.353	7841.75
149.952	7895.69
150.551	7873.62
151.15	7945.56
151.749	7903.5
152.348	7941.43
152.946	7977.37
153.545	7957.31
154.143	7907.24
154.741	7929.18
155.339	7917.12
155.937	7819.05
156.535	7952.99
157.132	7988.93
157.73	7844.86
158.327	7854.8
158.924	7896.74
159.52	7964.67
160.117	7888.61
160.714	7904.55
161.311	7958.48
161.906	7838.42
162.503	7904.36
163.098	7912.29
163.695	7846.23
164.29	7850.17
164.886	7872.1
165.481	7912.04
166.076	7939.98
166.671	7995.91
167.267	7823.85
167.861	8029.79
168.456	7913.72
169.05	7859.66
169.644	7941.6
170.239	7953.53
170.832	8009.47
171.426	7955.41
172.02	7931.34
172.614	8055.28
173.206	7891.22
173.8	7955.15
174.392	7827.09
174.986	7903.03
175.578	7958.96
176.171	7938.9
176.763	7894.84
177.355	7958.77
177.947	7886.71
178.54	7940.65
179.132	7872.58
179.723	7978.52
180.315	7888.46
180.906	7816.39
181.497	7892.33
182.087	7886.27
182.679	7954.2
183.269	7916.14
183.86	8006.08
184.45	7906.01
185.041	7923.95
185.63	7893.89
186.221	7985.82
186.81	7921.76
187.4	7919.7
187.989	7879.63
188.578	7795.57
189.168	7801.51
189.757	7937.44
190.346	7957.38
190.934	7809.32
191.523	7919.25
192.111	7823.19
192.7	7879.13
193.288	7931.06
193.875	7931
194.463	7744.94
195.051	7870.88
195.639	7882.81
196.225	7952.75
196.813	7836.69
197.399	7872.62
197.987	7908.56
198.573	7976.5
199.16	7942.43
199.746	7826.37
200.332	7930.31
200.918	7902.24
201.505	7858.18
202.09	7912.12
202.676	8038.05
203.261	7931.99
203.847	7981.93
204.432	7955.86
205.016	8125.8
205.601	7979.74
206.186	8097.67
206.771	8175.61
207.354	8113.55
207.939	8115.48
208.523	8209.42
209.107	8145.36
209.69	8163.29
210.274	8199.23
210.857	8157.17
211.441	8059.1
212.024	8135.04
212.607	8072.98
213.189	8044.91
213.772	8014.85
214.354	7842.79
214.937	8002.72
215.519	8014.66
216.101	7968.6
216.683	7908.53
217.265	7864.47
217.847	7872.41
218.427	7898.34
219.009	7912.28
219.59	7812.22
220.171	7890.15
220.752	7946.09
221.332	7844.03
221.913	7913.96
222.493	7769.9
223.073	7741.84
223.654	7963.77
224.233	7843.71
224.813	7867.65
225.392	7871.58
225.972	7779.52
226.551	7803.46
227.13	7789.39
227.709	7723.33
228.288	7663.27
228.866	7779.21
229.445	7663.14
230.023	7855.08
230.601	7791.02
231.179	7776.95
231.757	7722.89
232.335	7776.83
232.912	7818.76
233.49	7706.7
234.067	7662.64
234.643	7670.57
235.221	7722.51
235.797	7718.45
236.374	7730.38
236.95	7700.32
237.526	7652.26
238.102	7612.19
238.678	7618.13
239.254	7630.07
239.83	7710
240.405	7765.94
240.981	7627.88
241.556	7635.81
242.131	7635.75
242.706	7671.69
243.281	7691.62
243.855	7547.56
244.43	7547.5
245.004	7515.43
245.578	7633.37
246.152	7599.31
246.725	7477.24
247.3	7659.18
247.873	7649.12
248.446	7541.05
249.019	7654.99
249.592	7624.93
250.165	7522.86
250.737	7582.8
251.31	7608.74
251.882	7652.67
252.455	7666.61
253.027	7504.55
253.599	7626.48
254.17	7592.42
254.742	7530.36
255.314	7506.29
255.885	7640.23
256.456	7700.17
257.027	7808.1
257.598	8476.04
258.168	7701.98
258.739	7639.91
259.309	7583.85
259.879	7543.79
260.449	7627.72
261.019	7619.66
261.59	7615.6
262.159	7649.53
262.729	7593.47
263.298	7585.41
263.867	7699.34
264.435	7623.28
265.004	7613.22
265.573	7679.15
266.142	7741.09
266.709	7615.03
267.278	7566.96
267.846	7562.9
268.413	7590.84
268.982	7590.77
269.549	7650.71
270.117	7652.65
270.684	7604.58
271.25	7604.52
271.818	7684.46
272.385	7720.4
272.951	7704.33
273.517	7654.27
274.083	7546.21
274.65	7600.14
275.216	7486.08
275.781	7626.02
276.347	7521.95
276.913	7577.89
277.478	7553.83
278.044	7491.76
278.608	7567.7
279.173	7599.64
279.738	7463.57
280.302	7523.51
280.867	7535.45
281.431	7493.38
281.996	7645.32
282.559	7615.26
283.124	7427.19
283.687	7533.13
284.25	7571.07
284.813	7489
285.377	7402.94
285.94	7410.88
286.503	7538.81
287.066	7536.75
287.628	7460.69
288.191	7490.62
288.753	7542.56
289.315	7420.5
289.876	7478.43
290.438	7492.37
291	7418.31
291.562	7436.24
292.123	7516.18
292.684	7486.12
293.245	7402.05
293.806	7507.99
294.367	7459.93
294.927	7417.86
295.487	7397.8
296.048	7461.74
296.608	7463.67
297.167	7455.61
297.727	7509.55
298.287	7389.48
298.847	7415.42
299.406	7525.36
299.965	7491.29
300.524	7453.23
301.083	7471.17
301.642	7439.1
302.199	7511.04
302.758	7320.98
303.316	7478.91
303.875	7434.85
304.432	7440.79
304.99	7520.73
305.548	7416.66
306.105	7472.6
306.662	7456.54
307.219	7462.47
307.777	7540.41
308.333	7554.35
308.889	7404.28
309.446	7534.22
310.002	7460.16
310.558	7444.09
311.114	7516.03
311.67	7413.97
312.226	7411.9
312.781	7531.84
313.337	7519.78
313.892	7379.71
314.447	7459.65
315.002	7395.59
315.557	7421.52
316.112	7299.46
316.665	7385.4
317.22	7553.33
317.775	7519.27
318.328	7363.21
318.882	7397.14
319.435	7437.08
319.989	7353.02
320.542	7492.95
321.096	7436.89
321.649	7428.83
322.201	7342.76
322.755	7360.7
323.307	7384.64
323.859	7370.57
324.411	7284.51
324.963	7432.45
325.515	7388.38
326.067	7338.32
326.619	7288.26
327.17	7446.19
327.722	7374.13
328.273	7350.07
328.824	7336
329.374	7291.94
329.925	7241.88
330.476	7337.81
331.026	7303.75
331.577	7295.69
332.126	7265.62
332.676	7385.56
333.226	7299.5
333.776	7251.43
334.325	7237.37
334.875	7253.31
335.424	7301.24
335.972	7299.18
336.521	7237.12
337.069	7287.05
337.619	7236.99
338.167	7176.93
338.715	7178.86
339.263	7230.8
339.811	7160.74
340.359	7138.67
340.906	7148.61
341.453	7202.55
342.001	7238.48
342.548	7188.42
343.095	7212.36
343.641	7138.29
344.188	7142.23
344.734	7238.17
345.281	7222.1
345.827	7278.04
346.373	7131.98
346.918	7177.92
347.465	7023.85
348.01	7117.79
348.555	7195.73
349.101	7161.66
349.646	7161.6
350.19	7179.54
350.735	7155.47
351.279	7213.41
351.824	7051.35
352.368	7231.28
352.912	7221.22
353.456	7087.16
354	7161.09
354.544	7115.03
355.088	7156.97
355.631	7212.9
356.174	6992.84
356.717	7148.78
357.26	7110.71
357.802	7162.65
358.345	7106.59
358.887	7094.52
359.43	7152.46
359.971	7018.4
360.514	7078.33
361.055	7108.27
361.597	7088.21
362.139	7228.14
362.68	7012.08
363.221	7072.02
363.762	7137.95
364.303	7141.89
364.844	7029.83
365.384	7079.76
365.924	7081.7
366.465	7139.64
367.005	7135.57
367.545	7027.51
368.084	7111.45
368.623	7163.38
369.163	7081.32
369.702	7129.26
370.242	7117.19
370.78	7053.13
371.319	7109.07
371.857	7105
372.396	7092.94
372.934	7132.88
373.473	7064.81
374.01	7076.75
374.549	7152.69
375.086	7134.62
375.623	7074.56
376.161	7098.5
376.698	6972.43
377.235	7206.37
377.772	7202.31
378.308	6986.25
378.845	7082.18
379.382	7060.12
379.919	7152.06
380.454	7097.99
380.99	6973.93
381.526	7067.87
382.061	7013.8
382.597	6983.74
383.133	7133.68
383.668	7037.61
384.202	6883.55
384.738	7053.49
385.272	7007.42
385.807	6949.36
386.342	6997.3
386.875	7007.23
387.41	6925.17
387.943	6863.11
388.477	6927.04
389.011	6946.98
389.544	6976.92
390.077	6880.85
390.611	6982.79
391.144	6936.73
391.676	6898.66
392.209	6900.6
392.741	6872.54
393.274	7000.47
393.806	6902.41
394.338	7006.35
394.87	6914.28
395.402	6940.22
395.933	6872.16
396.465	6854.09
396.996	6858.03
397.527	6997.97
398.058	6869.9
398.589	6881.84
399.119	6905.78
399.65	6903.71
400.181	6839.65
400.71	6855.59
401.241	6925.52
401.77	6961.46
402.299	6969.4
402.829	6927.33
403.359	6911.27
403.888	6877.21
404.417	6883.14
404.946	6925.08
405.474	6933.02
406.003	6820.95
406.531	6888.89
407.06	6888.83
407.588	6796.76
408.116	6908.7
408.644	6780.64
409.172	6760.57
409.698	6916.51
410.226	6828.45
410.753	6832.38
411.28	6716.32
411.807	6738.26
412.333	6810.19
412.86	6682.13
413.387	6728.07
413.913	6758
414.439	6867.94
414.966	6953.88
415.491	6733.81
416.017	6807.75
416.542	6791.69
417.067	6771.63
417.593	6859.56
418.117	6783.5
418.642	6809.44
419.167	6739.37
419.691	6811.31
420.216	6759.25
420.74	6793.18
421.264	6831.12
421.787	6791.06
422.311	6766.99
422.835	6766.93
423.358	6810.87
423.881	6796.8
424.404	6816.74
424.928	6680.68
425.45	6718.61
425.973	6736.55
426.495	6740.49
427.018	6804.42
427.54	6702.36
428.062	6740.3
428.584	6722.23
429.106	6624.17
429.627	6678.11
430.148	6772.04
430.669	6629.98
431.191	6757.92
431.711	6571.85
432.232	6815.79
432.753	6787.73
433.273	6573.66
433.793	6731.6
434.314	6703.54
434.834	6581.47
435.353	6643.41
435.873	6583.35
436.392	6633.28
436.911	6611.22
437.43	6669.16
437.949	6489.09
438.468	6707.03
438.987	6546.97
439.506	6628.9
440.024	6582.84
440.543	6632.78
441.061	6574.71
441.578	6600.65
442.096	6630.59
442.614	6576.52
443.131	6422.46
443.648	6514.4
444.166	6490.33
444.682	6556.27
445.2	6558.21
445.716	6480.14
446.233	6482.08
446.749	6516.02
447.265	6353.95
447.781	6399.89
448.297	6469.83
448.812	6513.77
449.329	6391.7
449.844	6539.64
450.359	6509.58
450.874	6531.51
451.388	6547.45
451.903	6435.39
452.418	6401.32
452.932	6479.26
453.446	6557.2
453.961	6579.13
454.475	6393.07
454.989	6383.01
455.502	6428.94
456.016	6420.88
456.529	6436.82
457.042	6408.75
457.555	6386.69
458.069	6434.63
458.581	6358.56
459.094	6354.5
459.606	6338.44
460.118	6448.37
460.631	6410.31
461.142	6378.25
461.654	6384.18
462.166	6388.12
462.677	6366.06
463.189	6423.99
463.7	6351.93
464.21	6421.87
464.721	6363.8
465.232	6423.74
465.743	6415.68
466.253	6441.61
466.763	6365.55
467.273	6361.49
467.783	6393.42
468.292	6375.36
468.802	6371.3
469.311	6431.23
469.821	6407.17
470.33	6321.11
470.839	6401.04
471.348	6322.98
471.857	6380.92
472.365	6382.85
472.873	6310.79
473.381	6316.73
473.89	6348.66
474.397	6292.6
474.905	6332.54
475.412	6262.47
475.92	6330.41
476.427	6330.35
476.934	6372.28
477.441	6268.22
477.948	6216.16
478.454	6350.09
478.961	6356.03
479.467	6253.97
479.973	6295.9
480.479	6353.84
480.985	6321.78
481.491	6301.71
481.996	6333.65
482.501	6365.59
483.006	6333.52
483.511	6285.46
484.016	6219.4
484.521	6235.33
485.026	6297.27
485.53	6343.21
486.034	6173.15
486.538	6347.08
487.042	6421.02
487.546	6252.96
488.05	6230.89
488.553	6252.83
489.056	6388.77
489.559	6302.7
490.063	6138.64
490.565	6336.58
491.068	6192.51
491.57	6142.45
492.073	6128.39
492.575	6156.32
493.077	6168.26
493.579	6174.2
494.08	6290.13
494.582	6180.07
495.084	6240.01
495.585	6197.94
496.085	6237.88
496.587	6199.82
497.087	6223.75
497.588	6233.69
498.088	6045.63
498.589	6179.56
499.089	6157.5
499.589	6107.44
500.089	6147.37
500.588	6123.31
501.088	6245.25
501.587	6247.18
502.087	6199.12
502.586	6081.06
503.085	6214.99
503.583	6164.93
504.081	6100.87
504.58	6116.8
505.078	6130.74
505.577	6022.68
506.074	6110.61
506.572	6112.55
507.07	6438.49
507.567	6620.42
508.064	6028.36
508.562	6072.3
509.059	5998.23
509.556	6036.17
510.052	5998.11
510.549	6052.04
511.045	6117.98
511.541	6053.92
512.038	6041.85
512.533	6025.79
513.029	6037.73
513.525	6071.66
514.02	5889.6
514.515	5939.54
515.01	6021.47
515.505	5971.41
516	5949.35
516.495	6037.29
516.989	5969.22
517.484	6037.16
517.978	5949.1
518.472	5989.03
518.966	5958.97
519.459	6026.91
519.953	6026.84
520.446	5934.78
520.939	5988.72
521.432	5872.65
521.925	5896.59
522.418	5956.53
522.91	5948.46
523.403	5914.4
523.895	5960.34
524.388	5958.27
524.879	5922.21
525.371	5948.15
525.862	5974.08
526.354	5886.02
526.845	5839.96
527.337	5895.89
527.827	5911.83
528.319	5912.06
528.809	5927.52
529.299	5834.47
529.79	5863.07
530.28	5801.42
530.77	5861.68
531.261	6042.37
531.75	5905.17
532.24	5921.6
532.729	5930.09
533.218	5999.77
533.708	5888.38
534.197	5873.48
534.686	5964.03
535.174	5865.48
535.663	5936.48
536.151	5883.52
536.639	5846.67
537.127	5924.5
537.615	5886.05
538.102	5838.32
538.59	5791.82
539.077	5824.22
539.565	5854.09
540.052	5844.35
540.539	5902.37
541.025	5828.07
541.512	5839.39
541.999	5770.93
542.485	5785.7
542.971	5809.52
543.457	5800.57
543.943	5857.93
544.428	5707.51
544.914	5791.36
545.399	5752.02
545.885	5823.64
546.369	5859.17
546.855	5779.2
547.339	5798.19
547.823	5757.97
548.308	5755.98
548.792	5793.22
549.276	5745.17
549.761	5788.26
550.244	5774.47
550.728	5687.85
551.211	5762.44
551.694	5750.44
552.177	5705.33
552.66	5700.87
553.143	5725.75
553.627	5673.12
554.109	5705.42
554.591	5782.04
555.073	5678.3
555.555	5684.98
556.037	5663.33
556.519	5668.09
557.001	5665.79
557.482	5662.86
557.964	5653.99
558.444	5650.36
558.925	5742.54
559.406	5742.29
559.887	5633.07
560.367	5631.96
560.848	5636.15
561.328	5648.23
561.808	5663.77
562.288	5652.82
562.767	5623.11
563.247	5660.15
563.726	5682.44
564.206	5664.46
564.684	5582.03
565.164	5593.73
565.642	5632.97
566.12	5629.3
566.599	5595.15
567.077	5612.42
567.555	5630.41
568.034	5608.51
568.511	5601.13
568.989	5599.13
569.466	5562.73
569.943	5595.18
570.421	5610.5
570.898	5595.03
571.375	5586.83
571.852	5557.63
572.328	5518.48
572.804	5564.34
573.281	5592.65
573.757	5571.8
574.233	5608.38
574.709	5583.04
575.184	5508.85
575.66	5541.49
576.134	5508.59
576.61	5556.08
577.085	5562.89
577.56	5450.85
578.035	5449.06
578.508	5491.03
578.983	5454.56
579.458	5483.39
579.931	5514.79
580.405	5533.54
580.879	5467.23
581.352	5463.17
581.826	5526.16
582.153	5539.06
582.68	5527.07
583.207	5505.09
583.733	5527.1
584.26	5419.12
584.785	5465.13
585.312	5499.15
585.837	5487.16
586.364	5401.18
586.889	5477.2
587.414	5387.21
587.941	5433.23
588.466	5485.24
588.99	5407.26
589.516	5435.27
590.041	5447.29
590.565	5371.3
591.09	5431.32
591.614	5463.33
592.139	5375.35
592.663	5335.36
593.187	5339.38
593.711	5347.39
594.235	5445.41
594.758	5405.42
595.282	5293.44
595.805	5445.45
596.328	5435.47
596.851	5361.49
597.375	5421.5
597.897	5387.52
598.42	5421.53
598.943	5417.55
599.465	5357.56
599.987	5365.58
600.509	5397.59
601.031	5391.61
601.553	5297.62
602.074	5409.64
602.596	5461.65
603.117	5385.67
603.638	5421.68
604.16	5421.7
604.681	5307.71
605.202	5261.73
605.722	5247.74
606.243	5343.76
606.763	5339.77
607.283	5331.79
607.804	5381.81
608.324	5305.82
608.844	5401.84
609.363	5363.85
609.883	5309.87
610.403	5401.88
610.922	5329.9
611.442	5323.91
611.96	5343.93
612.479	5325.94
612.998	5403.96
613.516	5309.97
614.035	5349.99
614.554	5250
615.072	5282.02
615.59	5278.03
616.108	5326.05
616.626	5230.06
617.143	5194.08
617.66	5406.1
618.178	5266.11
618.695	5298.13
619.212	5324.14
619.729	5252.16
620.246	5252.17
620.763	5258.19
621.279	5126.2
621.796	5218.22
622.312	5142.23
622.828	5238.25
623.344	5212.26
623.86	5316.28
624.376	5336.29
624.891	5274.31
625.407	5234.32
625.922	5204.34
626.437	5272.35
626.952	5180.37
627.467	5172.38
627.982	5192.4
628.497	5210.42
629.011	5206.43
629.525	5130.45
630.039	5344.46
630.553	5224.48
631.068	5158.49
631.581	5134.51
632.094	5236.52
632.608	5252.54
633.121	5110.55
633.635	5116.57
634.148	5226.58
634.66	5190.6
635.174	5202.61
635.686	5080.63
636.199	5118.64
636.711	5092.66
637.223	5172.68
637.735	5150.69
638.247	5182.71
638.759	5040.72
639.271	5104.74
639.782	5108.75
640.293	5122.77
640.804	5106.78
641.316	5192.8
641.827	5092.81
642.338	5046.83
642.849	4996.84
643.359	5104.86
643.869	5152.87
644.38	5058.89
644.89	5044.9
645.4	5124.92
645.91	5090.93
646.419	4944.95
646.929	5012.96
647.438	5086.98
647.948	4971
648.456	5029.01
648.966	5113.03
649.475	5029.04
649.983	5051.06
650.492	5071.07
651	4929.09
651.508	5037.1
652.017	4951.12
652.525	5073.13
653.033	5105.15
653.541	5097.16
654.048	5053.18
654.556	5025.19
655.063	5009.21
655.57	4975.22
656.077	5045.24
656.584	5027.25
657.091	4999.27
657.598	5045.29
658.104	4989.3
658.611	5009.32
659.116	4897.33
659.623	5017.35
660.129	4983.36
660.635	4913.38
661.14	4985.39
661.646	4895.41
662.151	4949.42
662.656	4991.44
663.162	4941.45
663.666	4953.47
664.171	4825.48
664.676	4947.5
665.181	5015.51
665.685	4925.53
666.189	4923.54
666.693	4947.56
667.197	4917.57
667.701	4909.59
668.205	4905.61
668.708	4935.62
669.212	4921.64
669.715	4979.65
670.218	4857.67
670.721	4879.68
671.224	4901.7
671.727	4839.71
672.229	4895.73
672.732	4811.74
673.234	4913.76
673.736	4889.77
674.238	4939.79
674.74	4853.8
675.242	4877.82
675.744	4841.83
676.245	4761.85
676.746	4801.86
677.247	4749.88
677.749	4851.9
678.249	4833.91
678.75	4835.93
679.251	4785.94
679.751	4835.96
680.252	4859.97
680.751	4811.99
681.252	4808
681.751	4740.02
682.252	4760.03
682.751	4754.05
683.25	4782.06
683.75	4840.08
684.249	4778.09
684.748	4770.11
685.247	4688.12
685.746	4810.14
686.244	4802.15
686.743	4754.17
687.241	4690.19
687.74	4792.2
688.238	4774.22
688.736	4758.23
689.234	4762.25
689.731	4692.26
690.229	4732.28
690.726	4724.29
691.224	4684.31
691.72	4670.32
692.217	4764.34
692.714	4648.35
693.211	4770.37
693.708	4724.38
694.204	4798.4
694.7	4752.41
695.196	4642.43
695.693	4720.44
696.188	4728.46
696.684	4626.48
697.179	4724.49
697.675	4644.51
698.17	4704.52
698.665	4748.54
699.16	4746.55
699.655	4656.57
700.149	4796.58
700.645	4672.6
701.139	4754.61
701.633	4642.63
702.128	4678.64
702.621	4594.66
703.115	4752.67
703.608	4672.69
704.103	4674.7
704.596	4670.72
705.089	4708.73
705.582	4614.75
706.075	4652.76
706.568	4648.78
707.061	4534.79
707.553	4598.81
708.046	4616.83
708.538	4626.84
709.031	4668.86
709.523	4632.87
710.015	4628.89
710.507	4590.9
710.998	4584.92
711.489	4656.93
711.981	4638.95
712.472	4584.96
712.963	4562.98
713.454	4658.99
713.945	4625.01
714.435	4707.02
714.926	4605.04
715.417	4625.05
715.906	4553.07
716.397	4625.09
716.886	4561.1
717.377	4603.12
717.866	4611.13
718.356	4633.15
718.845	4613.16
719.334	4613.18
719.824	4625.19
720.312	4569.21
720.801	4637.22
721.289	4647.24
721.778	4579.25
722.267	4605.27
722.755	4597.28
723.243	4625.3
723.73	4627.31
724.219	4587.33
724.707	4647.34
725.194	4565.36
725.682	4521.38
726.169	4477.39
726.656	4569.41
727.143	4501.42
727.63	4611.44
728.116	4475.45
728.602	4591.47
729.089	4555.48
729.575	4589.5
730.062	4569.51
730.547	4521.53
731.033	4589.54
731.519	4609.56
732.005	4529.57
732.49	4555.59
732.975	4599.6
733.461	4495.62
733.945	4461.63
734.431	4473.65
734.915	4563.67
735.4	4559.68
735.884	4485.7
736.369	4531.71
736.852	4473.73
737.337	4495.74
737.82	4493.76
738.304	4445.77
738.788	4499.79
739.271	4397.8
739.754	4591.82
740.238	4435.83
740.721	4425.85
741.204	4465.86
741.686	4517.88
742.169	4509.89
742.651	4399.91
743.134	4377.92
743.616	4511.94
744.098	4427.95
744.58	4477.97
745.062	4537.98
745.543	4440
746.025	4404.02
746.506	4350.03
746.988	4374.05
747.469	4444.06
747.949	4480.08
748.43	4460.09
748.91	4390.11
749.391	4422.12
749.872	4402.14
750.352	4406.15
750.831	4432.17
751.312	4378.18
751.792	4430.2
752.271	4390.21
752.751	4434.23
753.23	4406.24
753.709	4340.26
754.189	4384.27
754.667	4314.29
755.146	4430.31
755.624	4346.32
756.103	4352.34
756.581	4400.35
757.06	4346.37
757.538	4310.38
758.015	4402.4
758.494	4318.41
758.971	4280.43
759.448	4314.44
759.926	4336.46
760.403	4318.47
760.88	4300.49
761.357	4332.5
761.834	4338.52
762.311	4318.53
762.788	4320.55
763.264	4272.56
763.74	4304.58
764.216	4226.6
764.692	4404.61
765.168	4310.63
765.643	4280.64
766.119	4252.66
766.594	4200.67
767.07	4322.69
767.545	4284.7
768.02	4290.72
768.495	4318.73
768.969	4278.75
769.444	4246.76
769.918	4260.78
770.393	4308.79
770.867	4238.81
771.34	4278.82
771.814	4362.84
772.288	4224.85
772.761	4192.87
773.235	4312.89
773.709	4224.9
774.181	4212.92
774.655	4226.93
775.127	4226.95
775.6	4296.96
776.072	4168.98
776.545	4250.99
777.017	4163.01
777.49	4223.02
777.961	4237.04
778.433	4183.05
778.905	4185.07
779.376	4263.08
779.848	4177.1
780.319	4159.11
780.79	4121.13
781.261	4147.14
781.733	4197.16
782.203	4185.17
782.673	4127.19
783.144	4233.21
783.614	4131.22
784.084	4185.24
784.555	4125.25
785.025	4161.27
785.494	4201.28
785.964	4121.3
786.433	4155.31
786.902	4149.33
787.372	4169.34
787.841	4207.36
788.31	4175.37
788.778	4189.39
789.247	4123.4
789.715	4103.42
790.183	4161.43
790.652	4141.45
791.12	4155.46
791.588	4057.48
792.055	4157.5
792.523	4111.51
792.99	4109.53
793.458	4105.54
793.925	4179.56
794.392	4095.57
794.859	4053.59
795.325	4131.6
795.792	4103.62
796.258	4147.63
796.725	4097.65
797.191	4091.66
797.657	4057.68
798.123	4113.69
798.589	4059.71
799.054	4101.72
799.52	4045.74
799.985	4117.75
800.451	4099.77
800.915	3981.79
801.38	4033.8
801.845	4003.82
802.31	4053.83
802.774	4099.85
803.239	4045.86
803.703	4143.88
804.167	3997.89
804.63	4079.91
805.095	3985.92
805.558	3991.94
806.022	3991.95
806.485	3999.97
806.948	3985.98
807.411	4030
807.874	4064.01
808.337	3940.03
808.799	3906.04
809.262	3968.06
809.724	3984.07
810.186	4000.09
810.648	3946.11
811.11	4054.12
811.572	3978.14
812.034	3918.15
812.496	3994.17
812.957	3952.18
813.418	3936.2
813.879	3974.21
814.34	4044.23
814.801	3978.24
815.262	4010.26
815.721	3946.27
816.182	3924.29
816.643	4016.3
817.103	3954.32
817.562	3952.33
818.022	3950.35
818.482	3970.36
818.941	3868.38
819.401	3972.4
819.86	3966.41
820.319	4020.43
820.778	3934.44
821.237	4006.46
821.695	3968.47
822.154	3968.49
822.612	3882.5
823.071	3864.52
823.529	3994.53
823.987	3890.55
824.445	3892.56
824.902	3890.58
825.36	3972.59
825.817	3886.61
826.274	3854.62
826.731	3928.64
827.189	3874.65
827.645	3836.67
828.102	3924.69
828.558	3978.7
829.015	3960.72
829.471	3830.73
829.927	3786.75
830.383	3936.76
830.839	3896.78
831.294	3944.79
831.75	3858.81
832.205	3844.82
832.661	3848.84
833.116	3816.85
833.571	3916.87
834.026	3926.88
834.48	3822.9
834.934	3850.91
835.389	3852.93
835.843	3872.94
836.297	3850.96
836.751	3806.98
837.205	3842.99
837.659	3809.01
838.113	3789.02
838.565	3809.04
839.019	3849.05
839.472	3873.07
839.925	3903.08
840.378	3827.1
840.83	3839.11
841.283	3859.13
841.736	3869.14
842.187	3791.16
842.64	3821.17
843.092	3869.19
843.543	3815.2
843.995	3781.22
844.447	3799.23
844.898	3803.25
845.35	3807.26
845.8	3787.28
846.252	3801.3
846.702	3843.31
847.153	3831.33
847.603	3839.34
848.054	3777.36
848.504	3787.37
848.954	3799.39
849.404	3801.4
849.854	3765.42
850.304	3739.43
850.753	3815.45
851.202	3797.46
851.652	3853.48
852.101	3781.49
852.55	3831.51
852.999	3811.52
853.448	3787.54
853.896	3777.55
854.344	3715.57
854.792	3685.59
855.241	3793.6
855.689	3751.62
856.137	3763.63
856.584	3859.65
857.032	3777.66
857.479	3703.68
857.926	3815.69
858.373	3767.71
858.82	3717.72
859.268	3759.74
859.714	3761.75
860.161	3767.77
860.607	3755.78
861.053	3721.8
861.499	3715.81
861.945	3787.83
862.391	3701.84
862.837	3719.86
863.283	3703.88
863.728	3701.89
864.173	3715.91
864.619	3755.92
865.064	3725.94
865.508	3675.95
865.953	3781.97
866.398	3633.98
866.842	3750
867.286	3656.01
867.73	3602.03
868.174	3682.04
868.619	3754.06
869.062	3748.07
869.505	3682.09
869.949	3598.1
870.392	3644.12
870.835	3658.13
871.279	3576.15
871.721	3742.16
872.164	3598.18
872.606	3688.2
873.049	3620.21
873.491	3646.23
873.933	3566.24
874.375	3662.26
874.817	3684.27
875.259	3538.29
875.7	3564.3
876.141	3594.32
876.583	3686.33
877.024	3648.35
877.465	3610.36
877.906	3588.38
878.346	3628.39
878.787	3592.41
879.227	3576.42
879.668	3602.44
880.108	3528.45
880.548	3586.47
880.987	3590.49
881.428	3606.5
881.867	3640.52
882.306	3502.53
882.745	3586.55
883.185	3544.56
883.624	3608.58
884.063	3528.59
884.501	3624.61
884.94	3554.62
885.379	3584.64
885.817	3524.65
886.255	3580.67
886.693	3566.68
887.131	3528.7
887.568	3550.71
888.006	3522.73
888.443	3580.74
888.88	3512.76
889.317	3520.78
889.754	3576.79
890.191	3506.81
890.628	3564.82
891.065	3556.84
891.501	3508.85
891.937	3502.87
892.374	3396.88
892.81	3574.9
893.246	3548.91
893.681	3470.93
894.117	3568.94
894.552	3480.96
894.987	3480.97
895.422	3512.99
895.858	3553
896.293	3517.02
896.728	3541.03
897.161	3557.05
897.596	3495.06
898.03	3507.08
898.465	3465.1
898.898	3523.11
899.332	3517.13
899.766	3459.14
900.2	3449.16
900.633	3491.17
901.067	3421.19
901.5	3433.2
901.932	3527.22
902.366	3423.23
902.798	3453.25
903.231	3483.26
903.663	3421.28
904.095	3513.29
904.528	3427.31
904.959	3457.32
905.391	3443.34
905.823	3441.35
906.255	3455.37
906.686	3451.39
907.117	3393.4
907.548	3409.42
907.98	3441.43
908.41	3503.45
908.841	3503.46
909.271	3529.48
909.702	3343.49
910.132	3455.51
910.562	3403.52
910.993	3457.54
911.422	3451.55
911.851	3445.57
912.282	3335.58
912.711	3437.6
913.14	3459.61
913.57	3405.63
913.998	3443.64
914.427	3417.66
914.856	3391.68
915.285	3427.69
915.713	3409.71
916.141	3409.72
916.569	3465.74
916.997	3465.75
917.425	3357.77
917.853	3401.78
918.28	3319.8
918.707	3407.81
919.135	3323.83
919.562	3347.84
919.989	3391.86
920.416	3301.87
920.843	3435.89
921.269	3395.9
921.695	3345.92
922.122	3411.93
922.548	3333.95
922.974	3381.96
923.399	3373.98
923.825	3368
924.251	3356.01
924.676	3344.03
925.102	3388.04
925.526	3408.06
925.951	3352.07
926.376	3340.09
926.801	3380.1
927.226	3282.12
927.65	3356.13
928.075	3316.15
928.499	3344.16
928.923	3328.18
929.347	3284.19
929.771	3362.21
930.194	3304.22
930.617	3314.24
931.04	3352.25
931.464	3368.27
931.887	3320.29
932.31	3358.3
932.732	3298.32
933.154	3248.33
933.577	3306.35
934	3316.36
934.422	3316.38
934.843	3322.39
935.265	3424.41
935.687	3278.42
936.109	3354.44
936.53	3232.45
936.951	3262.47
937.373	3274.48
937.793	3338.5
938.214	3308.51
938.635	3330.53
939.055	3262.54
939.476	3288.56
939.896	3290.58
940.316	3262.59
940.736	3280.61
941.156	3252.62
941.576	3318.72
941.995	3284.79
942.415	3342.81
942.834	3294.25
943.253	3261.23
943.672	3310.6
944.091	3254.49
944.51	3294.84
944.928	3260.55
945.347	3274.66
945.765	3266.8
946.183	3260.79
946.601	3256.51
947.019	3220.28
947.436	3255.35
947.854	3277.14
948.271	3276.2
948.688	3316.83
949.106	3299.77
949.522	3247.92
949.94	3248.3
950.356	3281.64
950.772	3298.63
951.189	3277.52
951.605	3257.5
952.021	3209.26
952.438	3238.9
952.853	3333.84
953.269	3246.01
953.685	3234.75
954.1	3305.1
954.515	3208.92
954.931	3207.59
955.345	3225.77
955.76	3256.44
956.175	3207.76
956.59	3150.13
957.004	3192.7
957.418	3247.67
957.832	3209.55
958.246	3225.8
958.66	3200.92
959.073	3230.08
959.487	3234.23
959.901	3207.4
960.314	3168.01
960.727	3179.19
961.14	3184.7
961.552	3210.36
961.965	3141.51
962.378	3188.22
962.791	3156.79
963.203	3168.62
963.615	3195.18
964.027	3209.42
964.438	3194.53
964.85	3166.22
965.261	3159.12
965.673	3150.54
966.084	3159.75
966.495	3115.87
966.906	3127.59
967.317	3154.82
967.728	3186.56
968.139	3197.98
968.549	3152.87
968.959	3173.08
969.369	3159
969.779	3164.9
970.189	3136
970.599	3137.02
971.008	3155.66
971.417	3154.17
971.826	3161.39
972.235	3135.52
972.644	3111.09
973.053	3142.65
973.462	3130.67
973.871	3119.8
974.279	3149.07
974.687	3139.32
975.096	3125.52
975.504	3110.63
975.912	3153.43
976.319	3127.92
976.726	3102.01
977.134	3132.78
977.541	3139.04
977.948	3150.54
978.355	3163.25
978.762	3135.67
979.168	3117.46
979.575	3119.71
979.981	3095.27
980.388	3102.04
980.794	3092.09
981.2	3120.43
981.605	3127.77
982.011	3138.64
982.417	3153.43
982.822	3107.31
983.227	3117.35
983.632	3065.88
984.037	3122.25
984.443	3095.26
984.846	3089.61
985.251	3066.57
985.656	3050.77
986.06	3080.99
986.464	3135.77
986.868	3116.08
987.316	3057.73
987.773	3123.89
988.23	3110.05
988.687	3024.22
989.144	3146.38
989.602	3108.54
990.058	3060.7
990.515	3102.87
990.971	3061.03
991.428	3075.19
991.884	3093.35
992.341	3073.52
992.797	2975.68
993.253	3049.84
993.709	3106
994.164	3036.17
994.62	3098.33
995.075	3062.49
995.53	3086.65
995.986	3074.82
996.441	3078.98
996.896	3075.14
997.351	3067.3
997.806	3065.47
998.26	3029.63
998.714	2987.79
999.168	3095.96
999.623	3020.12
1000.08	3030.28
1000.53	3058.44
1000.98	2990.61
1001.44	3032.77
1001.89	3062.93
1002.35	2959.09
1002.8	2997.26
1003.25	3049.42
1003.71	3037.58
1004.16	3059.74
1004.61	3045.91
1005.06	3064.07
1005.52	3028.23
1005.97	3030.39
1006.42	3052.56
1006.87	3030.72
1007.32	2974.88
1007.78	3099.04
1008.23	3025.21
1008.68	3021.37
1009.13	2995.53
1009.58	2981.7
1010.03	3017.86
1010.49	2986.02
1010.94	2978.18
1011.39	3026.35
1011.84	2998.51
1012.29	2976.67
1012.74	3010.83
1013.19	2973
1013.64	2987.16
1014.09	3015.32
1014.54	2977.48
1014.99	3041.65
1015.44	3015.81
1015.89	2975.97
1016.34	3006.13
1016.79	2954.3
1017.24	2970.46
1017.69	2876.62
1018.14	2972.78
1018.58	3028.95
1019.03	2995.11
1019.48	2929.27
1019.93	2983.44
1020.38	2941.6
1020.83	3007.76
1021.28	2987.92
1021.72	2922.09
1022.17	3022.25
1022.62	2928.41
1023.07	2920.57
1023.51	2924.74
1023.96	2974.9
1024.41	2975.06
1024.86	2971.22
1025.3	2953.39
1025.75	2993.55
1026.2	2955.71
1026.64	2911.87
1027.09	2898.04
1027.54	2902.2
1027.98	2916.36
1028.43	2928.52
1028.87	2928.69
1029.32	2862.85
1029.76	2941.01
1030.21	2915.18
1030.66	2971.34
1031.1	2925.5
1031.55	2929.66
1031.99	2935.83
1032.44	2943.99
1032.88	2896.15
1033.33	2950.31
1033.77	2928.48
1034.21	2994.64
1034.66	2830.8
1035.1	2902.96
1035.55	2951.13
1035.99	2915.29
1036.43	2857.45
1036.88	2911.61
1037.32	2831.78
1037.77	2909.94
1038.21	2874.1
1038.65	2892.26
1039.1	2790.43
1039.54	2902.59
1039.98	2874.75
1040.42	2900.91
1040.87	2907.08
1041.31	2929.24
1041.75	2859.4
1042.19	2873.57
1042.63	2891.73
1043.08	2939.89
1043.52	2844.05
1043.96	2892.22
1044.4	2900.38
1044.84	2864.54
1045.28	2862.7
1045.72	2914.87
1046.17	2877.03
1046.61	2925.19
1047.05	2837.35
1047.49	2905.52
1047.93	2873.68
1048.37	2849.84
1048.81	2882
1049.25	2886.17
1049.69	2866.33
1050.13	2866.49
1050.57	2928.66
1051.01	2860.82
1051.45	2830.98
1051.89	2851.14
1052.33	2891.31
1052.76	2881.47
1053.2	2855.63
1053.64	2853.79
1054.08	2853.96
1054.52	2774.12
1054.96	2830.28
1055.4	2824.44
1055.83	2842.61
1056.27	2880.77
1056.71	2844.93
1057.15	2885.09
1057.59	2853.26
1058.02	2883.42
1058.46	2823.58
1058.9	2811.74
1059.34	2901.91
1059.77	2780.07
1060.21	2862.23
1060.65	2854.4
1061.08	2830.56
1061.52	2826.72
1061.96	2872.88
1062.39	2807.05
1062.83	2901.21
1063.26	2827.37
1063.7	2799.53
1064.14	2815.7
1064.57	2853.86
1065.01	2828.02
1065.44	2844.18
1065.88	2834.35
1066.31	2854.51
1066.75	2842.67
1067.18	2846.83
1067.62	2803
1068.05	2781.16
1068.49	2835.32
1068.92	2829.48
1069.35	2845.65
1069.79	2813.81
1070.22	2851.97
1070.66	2892.13
1071.09	2722.3
1071.52	2834.46
1071.96	2792.62
1072.39	2896.79
1072.82	2854.95
1073.26	2815.11
1073.69	2795.27
1074.12	2777.44
1074.55	2845.6
1074.99	2751.76
1075.42	2807.92
1075.85	2854.09
1076.28	2792.25
1076.72	2750.41
1077.15	2806.57
1077.58	2844.74
1078.01	2762.9
1078.44	2765.06
1078.87	2741.22
1079.3	2857.39
1079.74	2787.55
1080.17	2799.71
1080.6	2777.87
1081.03	2812.04
1081.46	2770.2
1081.89	2786.36
1082.32	2816.53
1082.75	2764.69
1083.18	2850.85
1083.61	2745.01
1084.04	2815.18
1084.47	2757.34
1084.9	2815.5
1085.33	2853.66
1085.76	2773.83
1086.19	2811.99
1086.62	2764.15
1087.05	2734.31
1087.47	2764.48
1087.9	2804.64
1088.33	2740.8
1088.76	2712.96
1089.19	2807.13
1089.62	2715.29
1090.04	2833.45
1090.47	2743.61
1090.9	2759.78
1091.33	2809.94
1091.76	2710.1
1092.18	2786.27
1092.61	2796.43
1093.04	2702.59
1093.46	2800.75
1093.89	2794.92
1094.32	2741.08
1094.74	2781.24
1095.17	2749.4
1095.6	2767.57
1096.02	2723.73
1096.45	2753.89
1096.88	2756.05
1097.3	2730.22
1097.73	2680.38
1098.15	2814.54
1098.58	2784.7
1099	2726.87
1099.43	2721.03
1099.85	2755.19
1100.28	2717.35
1100.7	2737.52
1101.13	2769.68
1101.55	2689.84
1101.98	2738.01
1102.4	2804.17
1102.82	2780.33
1103.25	2694.49
1103.67	2744.66
1104.1	2726.82
1104.52	2754.98
1104.94	2695.14
1105.37	2715.31
1105.79	2781.47
1106.21	2705.63
1106.64	2699.79
1107.06	2703.96
1107.48	2718.12
1107.9	2730.28
1108.33	2712.44
1108.75	2804.61
1109.17	2718.77
1109.59	2790.93
1110.02	2741.09
1110.44	2761.26
1110.86	2731.42
1111.28	2719.58
1111.7	2731.75
1112.12	2699.91
1112.54	2710.07
1112.97	2728.23
1113.39	2686.4
1113.81	2714.56
1114.23	2712.72
1114.65	2792.88
1115.07	2757.05
1115.49	2787.21
1115.91	2731.37
1116.33	2699.53
1116.75	2745.7
1117.17	2741.86
1117.59	2710.02
1118.01	2696.18
1118.43	2684.35
1118.85	2658.51
1119.27	2714.67
1119.69	2694.83
1120.1	2749
1120.52	2739.16
1120.94	2733.32
1121.36	2727.49
1121.78	2733.65
1122.2	2681.81
1122.62	2697.97
1123.03	2744.14
1123.45	2752.3
1123.87	2694.46
1124.29	2748.62
1124.7	2696.79
1125.12	2704.95
1125.54	2749.11
1125.96	2693.27
1126.37	2693.44
1126.79	2665.6
1127.21	2683.76
1127.62	2687.92
1128.04	2714.09
1128.45	2676.25
1128.87	2670.41
1129.29	2690.57
1129.7	2632.74
1130.12	2654.9
1130.53	2635.06
1130.95	2629.23
1131.36	2667.39
1131.78	2673.55
1132.2	2659.71
1132.61	2699.88
1133.03	2680.04
1133.44	2688.2
1133.85	2738.36
1134.27	2680.53
1134.68	2606.69
1135.1	2648.85
1135.51	2659.01
1135.93	2679.18
1136.34	2669.34
1136.75	2583.5
1137.17	2643.66
1137.58	2691.83
1137.99	2663.99
1138.41	2568.15
1138.82	2650.31
1139.23	2684.48
1139.65	2656.64
1140.06	2650.8
1140.47	2616.97
1140.88	2639.13
1141.3	2643.29
1141.71	2663.45
1142.12	2657.62
1142.53	2697.78
1142.94	2699.94
1143.35	2676.1
1143.77	2656.27
1144.18	2614.43
1144.59	2666.59
1145	2642.75
1145.41	2688.92
1145.82	2613.08
1146.23	2671.24
1146.64	2709.4
1147.05	2681.57
1147.46	2669.73
1147.87	2709.89
1148.28	2670.05
1148.69	2622.22
1149.1	2634.38
1149.51	2660.54
1149.92	2634.71
1150.33	2630.87
1150.74	2639.03
1151.15	2653.19
1151.56	2701.36
1151.97	2721.52
1152.38	2631.68
1152.79	2609.84
1153.19	2662.01
1153.6	2632.17
1154.01	2652.33
1154.42	2702.49
1154.83	2692.66
1155.24	2684.82
1155.64	2692.98
1156.05	2627.14
1156.46	2619.31
1156.87	2587.47
1157.27	2661.63
1157.68	2677.79
1158.09	2579.96
1158.49	2614.12
1158.9	2628.28
1159.31	2660.45
1159.71	2646.61
1160.12	2648.77
1160.53	2618.93
1160.93	2665.1
1161.34	2633.26
1161.74	2625.42
1162.15	2609.58
1162.55	2653.75
1162.96	2681.91
1163.36	2572.07
1163.77	2650.23
1164.18	2672.4
1164.58	2646.56
1164.98	2602.72
1165.39	2662.88
1165.79	2703.05
1166.2	2659.21
1166.6	2643.37
1167.01	2687.53
1167.41	2655.7
1167.81	2613.86
1168.22	2670.02
1168.62	2702.19
1169.03	2702.35
1169.43	2642.51
1169.83	2598.67
1170.23	2588.84
1170.64	2587
1171.04	2675.16
1171.44	2591.32
1171.85	2685.49
1172.25	2655.65
1172.65	2591.81
1173.05	2655.97
1173.45	2578.14
1173.86	2656.3
1174.26	2580.46
1174.66	2632.62
1175.06	2544.79
1175.46	2650.95
1175.86	2611.11
1176.27	2661.27
1176.67	2603.44
1177.07	2611.6
1177.47	2601.76
1177.87	2579.92
1178.27	2586.09
1178.67	2582.25
1179.07	2608.41
1179.47	2550.58
1179.87	2546.74
1180.27	2618.9
1180.67	2593.06
1181.07	2541.23
1181.47	2563.39
1181.87	2569.55
1182.27	2539.71
1182.66	2575.88
1183.06	2564.04
1183.46	2592.2
1183.86	2628.36
1184.26	2564.53
1184.66	2594.69
1185.06	2520.85
1185.45	2559.01
1185.85	2631.18
1186.25	2579.34
1186.65	2583.5
1187.05	2571.67
1187.44	2583.83
1187.84	2571.99
1188.24	2576.15
1188.63	2598.32
1189.03	2562.48
1189.43	2586.64
1189.82	2560.8
1190.22	2546.97
1190.62	2533.13
1191.01	2523.29
1191.41	2615.45
1191.81	2589.62
1192.2	2595.78
1192.6	2563.94
1192.99	2580.1
1193.39	2518.27
1193.78	2502.43
1194.18	2566.59
1194.57	2516.75
1194.97	2514.92
1195.36	2511.08
1195.76	2607.24
1196.15	2531.41
1196.55	2557.57
1196.94	2597.73
1197.34	2553.89
1197.73	2538.06
1198.12	2546.22
1198.52	2556.38
1198.91	2514.54
1199.31	2564.71
1199.7	2478.87
1200.09	2527.03
1200.48	2527.19
1200.88	2571.36
1201.27	2517.52
1201.66	2571.68
1202.06	2547.84
1202.45	2528.01
1202.84	2584.17
1203.23	2498.33
1203.63	2518.49
1204.02	2526.66
1204.41	2494.82
1204.8	2524.98
1205.19	2467.14
1205.58	2507.31
1205.98	2491.47
1206.37	2453.63
1206.76	2509.8
1207.15	2529.96
1207.54	2604.12
1207.93	2578.28
1208.32	2502.45
1208.71	2576.61
1209.1	2514.77
1209.49	2578.93
1209.88	2521.1
1210.27	2487.26
1210.66	2543.42
1211.05	2531.58
1211.44	2491.75
1211.83	2553.91
1212.22	2560.07
1212.61	2572.23
1213	2560.4
1213.39	2534.56
1213.77	2510.72
1214.16	2518.88
1214.55	2577.05
1214.94	2537.21
1215.33	2523.37
1215.72	2529.54
1216.1	2515.7
1216.49	2519.86
1216.88	2556.02
1217.27	2498.19
1217.65	2570.35
1218.04	2510.51
1218.43	2478.67
1218.82	2544.84
1219.2	2453
1219.59	2485.16
1219.98	2569.32
1220.36	2477.49
1220.75	2465.65
1221.13	2543.81
1221.52	2479.97
1221.91	2596.14
1222.29	2460.3
1222.68	2506.46
1223.06	2518.63
1223.45	2468.79
1223.83	2530.95
1224.22	2491.11
1224.6	2471.28
1224.99	2479.44
1225.37	2487.6
1225.76	2443.76
1226.14	2497.93
1226.53	2512.09
1226.91	2466.25
1227.3	2490.41
1227.68	2502.58
1228.06	2474.74
1228.45	2496.9
1228.83	2509.06
1229.21	2429.23
1229.6	2493.39
1229.98	2431.55
1230.36	2497.71
1230.75	2453.88
1231.13	2428.04
1231.51	2528.2
1231.9	2428.36
1232.28	2446.53
1232.66	2494.69
1233.04	2496.85
1233.42	2465.02
1233.81	2479.18
1234.19	2517.34
1234.57	2421.5
1234.95	2417.67
1235.33	2495.83
1235.71	2413.99
1236.09	2448.15
1236.48	2484.32
1236.86	2480.48
1237.24	2450.64
1237.62	2468.8
1238	2496.97
1238.38	2461.13
1238.76	2471.29
1239.14	2431.45
1239.52	2529.62
1239.9	2441.78
1240.28	2485.94
1240.66	2482.1
1241.04	2432.27
1241.42	2504.43
1241.8	2428.59
1242.17	2426.76
1242.55	2454.92
1242.93	2485.08
1243.31	2475.24
1243.69	2443.41
1244.07	2483.57
1244.45	2485.73
1244.82	2487.89
1245.2	2440.06
1245.58	2442.22
1245.96	2528.38
1246.33	2420.54
1246.71	2480.71
1247.09	2374.87
1247.47	2483.03
1247.84	2457.19
1248.22	2405.36
1248.6	2463.52
1248.97	2429.68
1249.35	2389.84
1249.73	2478.01
1250.1	2444.17
1250.48	2390.33
1250.86	2416.5
1251.23	2422.66
1251.61	2404.82
1251.98	2446.98
1252.36	2405.15
1252.73	2433.31
1253.11	2455.47
1253.48	2421.63
1253.86	2435.8
1254.23	2413.96
1254.61	2472.12
1254.98	2428.28
1255.36	2386.45
1255.73	2480.61
1256.11	2434.77
1256.48	2450.93
1256.85	2381.1
1257.23	2387.26
1257.6	2381.42
1257.97	2437.58
1258.35	2429.75
1258.72	2421.91
1259.09	2384.07
1259.47	2382.24
1259.84	2352.4
1260.21	2402.56
1260.58	2358.72
1260.96	2388.89
1261.33	2341.05
1261.7	2465.21
1262.07	2381.37
1262.45	2413.54
1262.82	2471.7
1263.19	2387.86
1263.56	2314.02
1263.93	2356.19
1264.3	2390.35
1264.67	2410.51
1265.05	2454.67
1265.42	2384.84
1265.79	2399
1266.16	2395.16
1266.53	2381.32
1266.9	2371.49
1267.27	2373.65
1267.64	2377.81
1268.01	2419.98
1268.38	2378.14
1268.75	2374.3
1269.12	2426.46
1269.49	2392.63
1269.86	2392.79
1270.23	2398.95
1270.59	2415.11
1270.96	2433.28
1271.33	2397.44
1271.7	2421.6
1272.07	2371.76
1272.44	2405.93
1272.81	2368.09
1273.17	2364.25
1273.54	2388.41
1273.91	2374.58
1274.28	2372.74
1274.65	2404.9
1275.01	2339.06
1275.38	2415.23
1275.75	2337.39
1276.11	2419.55
1276.48	2413.72
1276.85	2385.88
1277.21	2464.04
1277.58	2370.2
1277.95	2406.37
1278.31	2328.53
1278.68	2392.69
1279.05	2404.85
1279.41	2373.02
1279.78	2397.18
1280.14	2405.34
1280.51	2345.5
1280.87	2409.67
1281.24	2395.83
1281.6	2445.99
1281.97	2348.15
1282.33	2408.32
1282.7	2434.48
1283.06	2414.64
1283.43	2332.8
1283.79	2432.97
1284.16	2407.13
1284.52	2353.29
1284.88	2433.46
1285.25	2391.62
1285.61	2383.78
1285.97	2325.94
1286.34	2328.11
1286.7	2376.27
1287.06	2350.43
1287.43	2394.59
1287.79	2406.76
1288.15	2350.92
1288.52	2373.08
1288.88	2379.24
1289.24	2383.41
1289.6	2405.57
1289.96	2365.73
1290.33	2389.89
1290.69	2320.06
1291.05	2376.22
1291.41	2354.38
1291.77	2386.54
1292.13	2376.71
1292.5	2368.87
1292.86	2369.03
1293.22	2357.2
1293.58	2473.36
1293.94	2357.52
1294.3	2391.68
1294.66	2413.85
1295.02	2382.01
1295.38	2404.17
1295.74	2360.33
1296.1	2422.5
1296.46	2350.66
1296.82	2372.82
1297.18	2344.98
1297.54	2349.15
1297.9	2401.36
1298.26	2361.57
1298.61	2345.79
1298.97	2397.24
1299.33	2411.06
1299.69	2380.07
1300.05	2407.96
1300.41	2447.03
1300.76	2377.22
1301.12	2393.61
1301.48	2393.98
1301.84	2495.55
1302.2	2397.13
1302.55	2369.52
1302.91	2402.82
1303.27	2386.64
1303.62	2384.69
1303.98	2457.25
1304.34	2401.02
1304.7	2405.41
1305.05	2426.82
1305.41	2343.79
1305.76	2390.1
1306.12	2352.45
1306.48	2412.21
1306.83	2410.07
1307.19	2391.61
1307.54	2371.9
1307.9	2413.01
1308.25	2425.14
1308.61	2394.58
1308.96	2394.98
1309.32	2383.01
1309.67	2425.75
1310.03	2397.37
1310.38	2393.29
1310.74	2415.37
1311.09	2453.58
1311.45	2424.33
1311.8	2396.21
1312.15	2405.04
1312.51	2414.87
1312.86	2381
1313.22	2368.43
1313.57	2405.05
1313.92	2434.97
1314.27	2429.77
1314.63	2436.52
1314.98	2428.41
1315.33	2407.87
1315.69	2423.04
1316.04	2426.19
1316.39	2399.61
1316.74	2383.39
1317.09	2403.57
1317.45	2393.66
1317.8	2421.99
1318.15	2406.72
1318.5	2437.63
1318.85	2447.91
1319.2	2411.73
1319.56	2421.74
1319.91	2401.57
1320.26	2416.98
1320.61	2431.02
1320.96	2401.31
1321.31	2429.57
1321.66	2447.05
1322.01	2423.64
1322.36	2431.36
1322.71	2385.23
1323.06	2395.51
1323.41	2437.05
1323.76	2446.81
1324.11	2421.93
1324.46	2397.64
1324.81	2388.61
1325.15	2403.65
1325.5	2445.55
1325.85	2438.33
1326.2	2450.29
1326.55	2460.77
1326.9	2441.25
1327.25	2435.47
1327.59	2434.52
1327.94	2429.79
1328.29	2427.97
1328.64	2441.56
1328.99	2433.68
1329.33	2443.7
1329.68	2445.51
1330.03	2444.3
1330.37	2426.49
1330.72	2424.13
1331.07	2381.96
1331.41	2402.43
1331.76	2431
1332.11	2412.72
1332.45	2411.16
1332.8	2453.61
1333.15	2457.25
1333.49	2463.37
1333.84	2420.6
1334.18	2425.05
1334.53	2470.11
1334.87	2452.97
1335.22	2463.38
1335.56	2484.12
1335.91	2456.85
1336.25	2419.64
1336.6	2437.23
1336.94	2470.12
1337.29	2449.58
1337.61	2443.41
1338.01	2393.54
1338.41	2465.68
1338.8	2397.81
1339.2	2461.95
1339.6	2468.08
1340	2364.21
1340.39	2456.35
1340.79	2478.48
1341.19	2502.62
1341.59	2476.75
1341.98	2452.88
1342.38	2465.02
1342.78	2447.15
1343.17	2443.28
1343.57	2461.42
1343.97	2439.55
1344.36	2501.69
1344.76	2405.82
1345.15	2459.95
1345.55	2428.09
1345.95	2458.22
1346.34	2454.36
1346.74	2492.49
1347.13	2474.62
1347.53	2390.76
1347.92	2390.89
1348.32	2425.02
1348.71	2409.16
1349.11	2505.29
1349.5	2409.43
1349.9	2367.56
1350.29	2459.69
1350.69	2453.83
1351.08	2415.96
1351.47	2458.1
1351.87	2434.23
1352.26	2436.36
1352.66	2450.5
1353.05	2450.63
1353.44	2456.76
1353.84	2450.9
1354.23	2463.03
1354.62	2423.17
1355.02	2441.3
1355.41	2421.43
1355.8	2447.57
1356.2	2415.7
1356.59	2441.84
1356.98	2437.97
1357.37	2438.1
1357.76	2470.24
1358.16	2456.37
1358.55	2468.5
1358.94	2420.64
1359.33	2414.77
1359.72	2378.91
1360.12	2413.04
1360.51	2435.17
1360.9	2439.31
1361.29	2429.44
1361.68	2437.58
1362.07	2477.71
1362.46	2463.84
1362.85	2489.98
1363.24	2436.11
1363.64	2460.24
1364.03	2462.38
1364.42	2484.51
1364.81	2462.65
1365.2	2420.78
1365.59	2424.91
1365.98	2377.05
1366.37	2431.18
1366.76	2463.32
1367.14	2433.45
1367.53	2421.58
1367.92	2463.72
1368.31	2489.85
1368.7	2461.98
1369.09	2516.12
1369.48	2444.25
1369.87	2454.39
1370.26	2446.52
1370.64	2424.65
1371.03	2416.79
1371.42	2428.92
1371.81	2361.06
1372.2	2423.19
1372.58	2451.32
1372.97	2375.46
1373.36	2451.59
1373.75	2471.72
1374.13	2441.86
1374.52	2377.99
1374.91	2434.13
1375.3	2506.26
1375.68	2438.39
1376.07	2442.53
1376.46	2484.66
1376.84	2482.8
1377.23	2368.93
1377.62	2425.06
1378	2401.2
1378.39	2467.33
1378.77	2397.46
1379.16	2459.6
1379.54	2449.73
1379.93	2525.87
1380.32	2468
1380.7	2492.13
1381.09	2360.27
1381.47	2404.4
1381.86	2466.54
1382.24	2372.67
1382.63	2432.8
1383.01	2406.94
1383.39	2469.07
1383.78	2433.21
1384.16	2471.34
1384.55	2457.47
1384.93	2451.61
1385.32	2439.74
1385.7	2445.87
1386.08	2472.01
1386.47	2514.14
1386.85	2466.28
1387.23	2428.41
1387.62	2436.54
1388	2432.68
1388.38	2468.81
1388.77	2350.95
1389.15	2449.08
1389.53	2429.21
1389.91	2423.35
1390.3	2437.48
1390.68	2429.61
1391.06	2409.75
1391.44	2443.88
1391.82	2372.02
1392.21	2428.15
1392.59	2408.28
1392.97	2466.42
1393.35	2444.55
1393.73	2534.69
1394.11	2420.82
1394.49	2382.95
1394.87	2473.09
1395.26	2415.22
1395.64	2437.35
1396.02	2461.49
1396.4	2431.62
1396.78	2427.76
1397.16	2391.89
1397.54	2402.02
1397.92	2432.16
1398.3	2384.29
1398.68	2372.43
1399.06	2394.56
1399.44	2378.69
1399.82	2462.83
1400.2	2348.96
1400.58	2405.09
1400.95	2373.23
1401.33	2319.36
1401.71	2377.5
1402.09	2359.63
1402.47	2315.76
1402.85	2297.9
1403.23	2276.03
1403.6	2358.17
1403.98	2304.3
1404.36	2346.43
1404.74	2308.57
1405.12	2324.7
1405.49	2322.83
1405.87	2334.97
1406.25	2329.1
1406.63	2287.24
1407	2339.37
1407.38	2311.5
1407.76	2283.64
1408.13	2261.77
1408.51	2273.91
1408.89	2294.04
1409.26	2274.17
1409.64	2258.31
1410.02	2228.44
1410.39	2262.57
1410.77	2296.71
1411.14	2316.84
1411.52	2278.98
1411.9	2251.11
1412.27	2259.24
1412.65	2257.38
1413.02	2247.51
1413.4	2231.65
1413.77	2295.78
1414.15	2229.91
1414.52	2274.05
1414.9	2276.18
1415.27	2244.31
1415.65	2258.45
1416.02	2226.58
1416.39	2252.72
1416.77	2256.85
1417.14	2176.98
1417.52	2263.12
1417.89	2183.25
1418.26	2211.39
1418.64	2245.52
1419.01	2231.65
1419.38	2231.79
1419.76	2203.92
1420.13	2200.05
1420.5	2190.19
1420.88	2212.32
1421.25	2170.46
1421.62	2178.59
1421.99	2242.72
1422.37	2220.86
1422.74	2216.99
1423.11	2141.13
1423.48	2141.26
1423.85	2167.39
1424.22	2191.53
1424.6	2163.66
1424.97	2255.79
1425.34	2141.93
1425.71	2116.06
1426.08	2192.2
1426.45	2142.33
1426.82	2202.46
1427.19	2124.6
1427.56	2106.73
1427.93	2204.87
1428.31	2133
1428.68	2081.13
1429.05	2145.27
1429.42	2167.4
1429.79	2161.53
1430.16	2141.67
1430.53	2121.8
1430.89	2149.94
1431.26	2142.07
1431.63	2166.2
1432	2134.34
1432.37	2118.47
1432.74	2128.61
1433.11	2116.74
1433.48	2128.87
1433.85	2181.01
1434.22	2059.14
1434.58	2111.27
1434.95	2135.41
1435.32	2111.54
1435.69	2093.68
1436.06	2141.81
1436.42	2119.94
1436.79	2164.08
1437.16	2136.21
1437.53	2128.35
1437.89	2140.48
1438.26	2112.61
1438.63	2136.75
1438.99	2110.88
1439.36	2071.01
1439.73	2061.15
1440.09	2093.28
1440.46	2103.42
1440.83	2125.55
1441.19	2133.68
1441.56	2105.82
1441.93	2129.95
1442.29	2054.09
1442.66	2078.22
1443.02	2160.35
1443.39	2112.49
1443.75	2082.62
1444.12	2120.75
1444.48	2074.89
1444.85	2097.02
1445.21	2087.16
1445.58	2131.29
1445.94	2067.42
1446.31	2077.56
1446.67	2039.69
1447.04	2073.83
1447.4	2107.96
1447.77	2050.09
1448.13	2080.23
1448.49	2078.36
1448.86	2040.49
1449.22	2054.63
1449.58	2134.76
1449.95	2036.9
1450.31	2089.03
1450.67	2025.16
1451.04	2025.3
1451.4	2033.43
1451.76	2079.57
1452.12	2035.7
1452.49	2055.83
1452.85	2013.97
1453.21	2082.1
1453.57	2012.23
1453.94	1954.37
1454.3	2008.5
1454.66	2026.64
1455.02	2026.77
1455.38	2024.9
1455.74	2057.04
1456.11	2019.17
1456.47	2057.31
1456.83	2019.44
1457.19	2015.57
1457.55	2039.71
1457.91	2041.84
1458.27	3731.98
1458.63	2422.11
1458.99	2016.24
1459.35	2042.38
1459.71	1990.51
1460.07	2014.64
1460.43	1958.78
1460.79	2026.91
1461.15	2001.05
1461.51	2081.18
1461.87	2007.31
1462.23	1985.45
1462.59	1971.58
1462.95	1987.71
1463.31	1957.85
1463.67	1987.98
1464.02	1994.12
1464.38	1974.25
1464.74	1970.38
1465.1	2022.52
1465.46	2026.65
1465.82	1942.79
1466.17	2000.92
1466.53	1983.05
1466.89	1979.19
1467.25	1975.32
1467.6	1975.46
1467.96	1965.59
1468.32	1989.72
1468.68	1933.86
1469.03	1943.99
1469.39	1978.12
1469.75	1926.26
1470.1	2038.39
1470.46	2004.53
1470.82	1972.66
1471.17	1954.79
1471.53	1956.93
1471.88	1879.06
1472.24	1965.2
1472.6	1963.33
1472.95	1943.46
1473.31	1987.6
1473.66	1915.73
1474.02	1953.86
1474.37	1978
1474.73	1940.13
1475.08	1912.27
1475.44	1938.4
1475.79	1902.53
1476.15	1918.67
1476.5	1906.8
1476.86	1936.94
1477.21	1969.07
1477.56	1953.2
1477.92	1885.34
1478.27	1893.47
1478.63	1913.6
1478.98	1931.74
1479.33	1915.87
1479.69	1888.01
1480.04	1930.14
1480.39	1964.27
1480.75	1918.41
1481.1	1890.54
1481.45	1932.68
1481.8	1910.81
1482.16	1886.94
1482.51	1899.08
1482.86	1951.21
1483.21	1873.34
1483.57	1933.48
1483.92	1911.61
1484.27	1889.75
1484.62	1875.88
1484.97	1960.01
1485.32	1850.15
1485.68	1888.28
1486.03	1880.42
1486.38	1886.55
1486.73	1920.68
1487.08	1916.82
1487.43	1896.95
1487.78	1869.08
1488.13	1855.22
1488.48	1935.35
1488.83	1847.49
1489.18	1947.62
1489.53	1931.75
1489.88	1913.89
1490.23	1934.02
1490.58	1908.16
1490.93	1894.29
1491.28	1830.42
1491.63	1864.56
1491.98	1884.69
1492.33	1888.82
1492.68	1850.96
1493.03	1917.09
1493.37	1889.23
1493.72	1949.36
1494.07	1849.49
1494.42	1899.63
1494.77	1823.76
1495.12	1859.9
1495.46	1848.03
1495.81	1816.16
1496.16	1886.3
1496.51	1852.43
1496.85	1858.56
1497.2	1844.7
1497.55	1828.83
1497.9	1842.97
1498.24	1907.1
1498.59	1821.23
1498.94	1869.37
1499.28	1865.5
1499.63	1827.64
1499.98	1831.77
1500.32	1861.9
1500.67	1842.04
1501.01	1802.17
1501.36	1904.3
1501.71	1844.44
1502.05	1842.57
1502.4	1788.71
1502.74	1778.84
1503.09	1832.97
1503.43	1769.11
1503.78	1821.24
1504.12	1851.38
1504.47	1843.51
1504.81	1797.64
1505.16	1839.78
1505.5	1869.91
1505.85	1830.04
1506.19	1816.18
1506.53	1900.31
1506.88	1852.45
1507.22	1848.58
1507.57	1866.71
1507.91	1860.85
1508.25	1878.98
1508.6	1841.12
1508.94	1829.25
1509.28	1849.38
1509.62	1817.52
1509.97	1833.65
1510.31	1825.78
1510.65	1819.92
1511	1806.05
1511.34	1816.19
1511.68	1782.32
1512.02	1836.45
1512.36	1828.59
1512.71	1794.72
1513.05	1868.86
1513.39	1806.99
1513.73	1815.12
1514.07	1833.26
1514.41	1825.39
1514.76	1829.52
1515.1	1797.66
1515.44	1779.79
1515.78	1835.93
1516.12	1776.06
1516.46	1764.19
1516.8	1772.33
1517.14	1818.46
1517.48	1794.6
1517.82	1840.73
1518.16	1810.86
1518.5	1809
1518.84	1773.13
1519.18	1845.26
1519.52	1819.4
1519.86	1761.53
1520.2	1787.67
1520.54	1749.8
1520.88	1825.93
1521.22	1820.07
1521.55	1844.2
1521.89	1760.34
1522.23	1776.47
1522.57	1768.6
1522.91	1798.74
1523.25	1772.87
1523.58	1755.01
1523.92	1773.14
1524.26	1811.27
1524.6	1775.41
1524.93	1769.54
1525.27	1779.67
1525.61	1787.81
1525.95	1727.94
1526.28	1734.08
1526.62	1782.21
1526.96	1822.34
1527.29	1808.48
1527.63	1790.61
1527.97	1786.74
1528.3	1742.88
1528.64	1769.01
1528.98	1801.15
1529.31	1775.28
1529.65	1727.41
1529.98	1707.55
1530.32	1763.68
1530.65	1721.82
1530.99	1749.95
1531.32	1756.08
1531.66	1774.22
1531.99	1718.35
1532.33	1728.49
1532.66	1758.62
1533	1734.75
1533.33	1686.89
1533.67	1779.02
1534	1753.15
1534.34	1753.29
1534.67	1725.42
1535	1755.56
1535.34	1777.69
1535.67	1799.82
1536	1755.96
1536.34	1732.09
1536.67	1750.23
1537.01	1732.36
1537.34	1694.49
1537.67	1708.63
1538	1730.76
1538.34	1726.89
1538.67	1767.03
1539	1729.16
1539.33	1701.3
1539.67	1705.43
1540	1713.56
1540.33	1711.7
1540.66	1767.83
1540.99	1717.97
1541.32	1708.1
1541.66	1692.23
1541.99	1752.37
1542.32	1770.5
1542.65	1702.63
1542.98	1724.77
1543.31	1690.9
1543.64	1675.04
1543.97	1707.17
1544.3	1711.3
1544.63	1725.44
1544.96	1703.57
1545.29	1687.71
1545.62	1743.84
1545.95	1709.97
1546.28	1698.11
1546.61	1688.24
1546.94	1722.37
1547.27	1720.51
1547.6	1692.64
1547.93	1698.78
1548.26	1714.91
1548.59	1665.04
1548.92	1761.18
1549.25	1729.31
1549.58	1695.45
1549.9	1651.58
1550.23	1721.71
1550.56	1709.85
1550.89	1673.98
1551.22	1692.11
1551.54	1700.25
1551.87	1686.38
1552.2	1690.52
1552.53	1684.65
1552.85	1712.78
1553.18	1666.92
1553.51	1713.05
1553.83	1677.19
1554.16	1685.32
1554.49	1689.45
1554.81	1675.59
1555.14	1651.72
1555.47	1681.85
1555.79	1649.99
1556.12	1682.12
1556.45	1642.26
1556.77	1712.39
1557.1	1682.52
1557.42	1644.66
1557.75	1700.79
1558.07	1692.93
1558.4	1665.06
1558.72	1621.19
1559.05	1691.33
1559.37	1631.46
1559.7	1649.59
1560.02	1671.73
1560.35	1723.86
1560.67	1674
1561	1696.13
1561.32	1636.26
1561.65	1648.4
1561.97	1640.53
1562.29	1658.67
1562.62	1694.8
1562.94	1660.93
1563.26	1641.07
1563.59	1689.2
1563.91	1671.33
1564.23	1665.47
1564.56	1619.6
1564.88	1611.74
1565.2	1655.87
1565.52	1616
1565.85	1648.14
1566.17	1658.27
1566.49	1626.41
1566.81	1642.54
1567.13	1654.67
1567.46	1638.81
1567.78	1626.94
1568.1	1601.07
1568.42	1645.21
1568.74	1633.34
1569.06	1653.48
1569.39	1661.61
1569.71	1643.74
1570.03	1645.88
1570.35	1662.01
1570.67	1582.15
1570.99	1642.28
1571.31	1612.41
1571.63	1616.55
1571.95	1610.68
1572.27	1652.81
1572.59	1602.95
1572.91	1625.08
1573.23	1623.22
1573.55	1637.35
1573.87	1617.48
1574.19	1655.62
1574.51	1573.75
1574.82	1635.89
1575.14	1622.02
1575.46	1574.15
1575.78	1602.29
1576.1	1610.42
1576.42	1620.55
1576.74	1562.69
1577.05	1636.82
1577.37	1610.96
1577.69	1587.09
1578.01	1589.22
1578.33	1619.36
1578.64	1601.49
1578.96	1599.63
1579.28	1609.76
1579.6	1663.89
1579.91	1566.03
1580.23	1546.16
1580.55	1608.29
1580.86	1548.43
1581.18	1566.56
1581.5	1566.7
1581.81	1550.83
1582.13	1666.96
1582.44	1581.1
1582.76	1569.23
1583.08	1577.37
1583.39	1585.5
1583.71	1571.63
1584.02	1519.77
1584.34	1581.9
1584.65	1582.04
1584.97	1532.17
1585.28	1600.3
1585.6	1602.44
1585.91	1562.57
1586.23	1630.7
1586.54	1556.84
1586.86	1530.97
1587.17	1583.11
1587.49	1613.24
1587.8	1563.37
1588.11	1611.51
1588.43	1567.64
1588.74	1557.78
1589.05	1575.91
1589.37	1550.04
1589.68	1568.18
1589.99	1556.31
1590.31	1572.44
1590.62	1564.58
1590.93	1566.71
1591.25	1566.85
1591.56	1546.98
1591.87	1565.11
1592.18	1529.25
1592.49	1559.38
1592.81	1589.52
1593.12	1579.65
1593.43	1589.78
1593.74	1537.92
1594.05	1578.05
1594.37	1556.18
1594.68	1536.32
1594.99	1574.45
1595.3	1548.59
1595.61	1560.72
1595.92	1574.85
1596.23	1546.99
1596.54	1557.12
1596.85	1543.26
1597.16	1601.39
1597.47	1527.52
1597.78	1563.66
1598.09	1581.79
1598.4	1545.92
1598.71	1522.06
1599.02	1558.19
1599.33	1572.33
1599.64	1566.46
1599.95	1560.59
1600.26	1560.73
1600.57	1586.86
1600.88	1579
1601.19	1563.13
1601.49	1499.26
1601.8	1525.4
1602.11	1513.53
1602.42	1533.66
1602.73	1557.8
1603.04	1555.93
1603.34	1490.07
1603.65	1554.2
1603.96	1544.33
1604.27	1552.47
1604.57	1536.6
1604.88	1516.74
1605.19	1524.74
1605.5	1517.6
1605.8	1539.37
1606.11	1519.66
1606.42	1544.91
1606.72	1520.21
1607.03	1528.97
1607.33	1507.85
1607.64	1483.59
1607.95	1493.61
1608.25	1528.78
1608.56	1526.49
1608.86	1532.96
1609.17	1535.07
1609.48	1526.12
1609.78	1515.2
1610.09	1543.55
1610.39	1499.56
1610.7	1543.93
1611	1504.85
1611.31	1488.67
1611.61	1515.55
1611.91	1506.66
1612.22	1516.32
1612.52	1553.66
1612.83	1498.05
1613.13	1519.2
1613.43	1499.86
1613.74	1499.34
1614.04	1522.57
1614.35	1482.34
1614.65	1484.1
1614.95	1496.25
1615.26	1487.37
1615.56	1491.61
1615.86	1465.76
1616.16	1493.45
1616.47	1521.93
1616.77	1493.35
1617.07	1482.91
1617.37	1495.33
1617.68	1484.43
1617.98	1501.12
1618.28	1463.33
1618.58	1497.88
1618.88	1506.71
1619.18	1504.17
1619.49	1491.21
1619.79	1470.49
1620.09	1474.04
1620.39	1502.14
1620.69	1469.78
1620.99	1437.41
1621.29	1466.64
1621.59	1479.61
1621.89	1456.58
1622.19	1464.66
1622.49	1475.41
1622.79	1490.47
1623.09	1457.4
1623.39	1461.4
1623.69	1447.79
1623.99	1484.07
1624.29	1466.54
1624.59	1461.3
1624.89	1445.85
1625.19	1463.14
1625.49	1475.7
1625.79	1450.93
1626.08	1452.18
1626.38	1448.24
1626.68	1446.22
1626.98	1445.37
1627.28	1442.13
1627.58	1450.95
1627.87	1466.64
1628.17	1418.52
1628.47	1416.48
1628.77	1445.02
1629.06	1454.99
1629.36	1465.82
1629.66	1465.7
1629.96	1446.54
1630.25	1425.71
1630.55	1420.32
1630.85	1413.3
1631.14	1404.87
1631.44	1398.09
1631.74	1370.81
1632.03	1397.82
1632.33	1443.4
1632.62	1432.44
1632.92	1431.01
1633.22	1430.56
1633.51	1417.19
1633.81	1413.03
1634.1	1426.92
1634.4	1449.24
1634.69	1444.52
1634.99	1416.65
1635.28	1401.75
1635.58	1409.36
1635.87	1394.8
1636.17	1415.04
1636.46	1410.12
1636.76	1402.31
1637.05	1398.56
1637.34	1410.23
1637.64	1468.46
1637.93	1403.37
1638.22	1361.17
1638.52	1358.73
1638.81	1401.83
1639.1	1421.04
1639.4	1372.86
1639.69	1345.74
1640.03	1413.29
1640.37	1445.34
1640.72	1409.38
1641.07	1387.43
1641.41	1407.48
1641.76	1413.53
1642.11	1421.58
1642.45	1363.63
1642.8	1391.68
1643.14	1437.73
1643.49	1381.78
1643.84	1345.83
1644.18	1439.87
1644.53	1355.92
1644.87	1403.97
1645.22	1400.02
1645.56	1424.07
1645.91	1340.12
1646.25	1330.17
1646.6	1366.22
1646.94	1330.27
1647.29	1352.32
1647.63	1304.36
1647.98	1382.41
1648.32	1330.46
1648.67	1380.51
1649.01	1384.56
1649.36	1374.61
1649.7	1412.66
1650.04	1316.71
1650.39	1346.76
1650.73	1312.8
1651.07	1382.85
1651.42	1352.9
1651.76	1386.95
1652.1	1351
1652.45	1385.05
1652.79	1359.1
1653.13	1351.15
1653.48	1315.2
1653.82	1333.25
1654.16	1325.29
1654.5	1325.34
1654.85	1317.39
1655.19	1299.44
1655.53	1289.49
1655.87	1343.54
1656.21	1341.59
1656.56	1337.64
1656.9	1331.69
1657.24	1297.74
1657.58	1327.78
1657.92	1319.83
1658.26	1321.88
1658.6	1319.93
1658.94	1323.98
1659.29	1298.03
1659.63	1308.08
1659.97	1316.13
1660.31	1312.18
1660.65	1348.23
1660.99	1338.27
1661.33	1330.32
1661.67	1326.37
1662.01	1330.42
1662.35	1326.47
1662.69	1278.52
1663.03	1330.57
1663.37	1280.62
1663.71	1272.67
1664.05	1324.72
1664.39	1288.76
1664.73	1314.81
1665.06	1300.86
1665.4	1276.91
1665.74	1312.96
1666.08	1257.01
1666.42	1287.06
1666.76	1285.11
1667.1	1299.16
1667.43	1323.21
1667.77	1305.25
1668.11	1329.3
1668.45	1283.35
1668.79	1311.4
1669.12	1281.45
1669.46	1283.5
1669.8	1269.55
1670.14	1311.6
1670.47	1301.65
1670.81	1287.69
1671.15	1265.74
1671.49	1297.79
1671.82	1301.84
1672.16	1251.89
1672.5	1301.94
1672.83	1323.99
1673.17	1308.04
1673.5	1312.09
1673.84	1300.14
1674.18	1266.18
1674.51	1270.23
1674.85	1308.28
1675.18	1280.33
1675.52	1274.38
1675.86	1248.43
1676.19	1258.48
1676.53	1274.53
1676.86	1252.58
1677.2	1270.63
1677.53	1260.67
1677.87	1248.72
1678.2	1224.77
1678.54	1246.82
1678.87	1266.87
1679.2	1256.92
1679.54	1252.97
1679.87	1267.02
1680.21	1249.07
1680.54	1257.12
1680.88	1227.16
1681.21	1253.21
1681.54	1265.26
1681.88	1245.31
1682.21	1211.36
1682.54	1251.41
1682.88	1243.46
1683.21	1241.51
1683.54	1243.56
1683.87	1233.61
1684.21	1241.65
1684.54	1209.7
1684.87	1239.75
1685.21	1235.8
1685.54	1229.85
1685.87	1263.9
1686.2	1243.95
1686.53	1256
1686.87	1260.05
1687.2	1240.1
1687.53	1216.14
1687.86	1236.19
1688.19	1222.24
1688.52	1214.29
1688.85	1226.34
1689.19	1218.39
1689.52	1254.44
1689.85	1226.49
1690.18	1268.54
1690.51	1206.58
1690.84	1200.63
1691.17	1252.68
1691.5	1234.73
1691.83	1218.78
1692.16	1190.83
1692.49	1226.88
1692.82	1216.93
1693.15	1204.98
1693.48	1193.03
1693.81	1219.07
1694.14	1215.12
1694.47	1227.17
1694.8	1209.22
1695.13	1207.27
1695.46	1215.32
1695.78	1221.37
1696.11	1221.42
1696.44	1191.47
1696.77	1223.52
1697.1	1215.56
1697.43	1145.61
1697.76	1249.66
1698.08	1265.71
1698.41	1229.76
1698.74	1233.81
1699.07	1181.86
1699.39	1159.91
1699.72	1183.96
1700.05	1204.01
1700.38	1212.05
1700.7	1156.1
1701.03	1170.15
1701.36	1182.2
1701.69	1176.25
1702.01	1198.3
1702.34	1182.35
1702.67	1156.4
1702.99	1198.45
1703.32	1184.5
1703.64	1172.54
1703.97	1154.59
1704.3	1162.64
1704.62	1198.69
1704.95	1154.74
1705.27	1192.79
1705.6	1152.84
1705.92	1192.89
1706.25	1186.94
1706.58	1144.99
1706.9	1149.03
1707.23	1129.08
1707.55	1203.13
1707.88	1151.18
1708.2	1161.23
1708.52	1159.28
1708.85	1199.33
1709.17	1187.38
1709.5	1179.43
1709.82	1169.47
1710.14	1163.52
1710.47	1181.57
1710.79	1109.62
1711.12	1183.67
1711.44	1137.72
1711.76	1131.77
1712.09	1163.82
1712.41	1137.87
1712.73	1141.92
1713.06	1115.96
1713.38	1152.01
1713.7	1186.06
1714.02	1136.11
1714.35	1166.16
1714.67	1104.21
1714.99	1146.26
1715.31	1144.31
1715.64	1122.36
1715.96	1156.41
1716.28	1146.45
1716.6	1114.5
1716.92	1126.55
1717.24	1174.6
1717.57	1112.65
1717.89	1118.7
1718.21	1146.75
1718.53	1170.8
1718.85	1138.85
1719.17	1148.9
1719.49	1130.94
1719.81	1150.99
1720.13	1099.04
1720.45	1127.09
1720.77	1141.14
1721.09	1113.19
1721.41	1123.24
1721.73	1187.29
1722.05	1111.34
1722.37	1129.39
1722.69	1125.43
1723.01	1127.48
1723.33	1113.53
1723.65	1103.58
1723.97	1129.63
1724.29	1115.68
1724.61	1127.73
1724.93	1129.78
1725.25	1175.83
1725.57	1117.88
1725.88	1063.92
1726.2	1173.97
1726.52	1174.02
1726.84	1130.07
1727.16	1090.12
1727.47	1094.17
1727.79	1114.22
1728.11	1100.27
1728.43	1136.32
1728.74	1112.36
1729.06	1130.41
1729.38	1132.46
1729.7	1118.51
1730.01	1106.56
1730.33	1120.61
1730.65	1088.66
1730.96	1090.71
1731.28	1100.76
1731.6	1092.81
1731.91	1096.85
1732.23	1058.9
1732.55	1104.95
1732.86	1069
1733.18	1067.05
1733.49	1053.1
1733.81	1103.15
1734.13	1127.2
1734.44	1099.25
1734.76	1111.3
1735.07	1129.34
1735.39	1095.39
1735.7	1083.44
1736.02	1131.49
1736.33	1113.54
1736.65	1103.59
1736.96	1091.64
1737.28	1093.69
1737.59	1077.74
1737.9	1081.79
1738.22	1091.83
1738.53	1025.88
1738.85	1093.93
1739.16	1109.98
1739.47	1070.03
1739.79	1076.08
1740.1	1050.13
1740.41	1066.18
1740.73	1116.23
1741.04	1084.28
1741.35	1050.32
1741.67	1050.37
1741.98	1072.42
1742.29	1042.47
1742.6	1078.52
1742.92	1070.57
1743.23	1100.62
1743.54	1076.67
1743.85	1068.72
1744.17	1090.77
1744.48	1088.81
1744.79	1072.86
1745.1	1092.91
1745.41	1074.96
1745.72	1073.01
1746.04	1077.06
1746.35	1083.11
1746.66	1091.16
1746.97	1075.21
1747.28	1057.26
1747.59	1057.3
1747.9	1049.35
1748.21	1071.4
1748.52	1065.45
1748.83	1085.5
1749.14	1085.55
1749.45	1073.6
1749.76	1069.65
1750.07	1019.7
1750.38	1049.74
1750.69	1025.79
1751	1037.84
1751.31	1057.89
1751.62	1037.94
1751.93	1015.99
1752.24	1064.04
1752.55	1048.09
1752.86	1058.14
1753.16	1026.19
1753.47	1028.23
1753.78	994.284
1754.09	1064.33
1754.4	1056.38
1754.71	1022.43
1755.02	1038.48
1755.32	1048.53
1755.63	1014.58
1755.94	1012.63
1756.25	1018.68
1756.55	1042.72
1756.86	1042.77
1757.17	1054.82
1757.48	1038.87
1757.78	1026.92
1758.09	1062.97
1758.4	985.018
1758.7	1031.07
1759.01	1049.12
1759.32	1051.17
1759.62	1045.21
1759.93	1001.26
1760.24	1069.31
1760.54	1009.36
1760.85	1041.41
1761.15	1017.46
1761.46	1015.51
1761.76	1011.56
1762.07	1021.61
1762.38	1035.66
1762.68	1021.7
1762.99	1025.75
1763.29	1003.8
1763.59	1039.85
1763.9	1077.9
1764.21	989.949
1764.51	1030
1764.81	1014.05
1765.12	992.096
1765.42	994.145
1765.73	992.194
1766.03	1018.24
1766.33	990.292
1766.64	1018.34
1766.94	988.39
1767.24	978.439
1767.55	992.488
1767.85	994.537
1768.16	1024.59
1768.46	984.635
1768.76	1020.68
1769.06	1006.73
1769.37	974.782
1769.67	988.831
1769.97	978.88
1770.27	974.929
1770.58	998.978
1770.88	957.027
1771.18	979.169
1771.48	1003.31
1771.79	977.454
1772.09	957.596
1772.39	997.738
1772.69	993.881
1772.99	990.023
1773.29	1008.17
1773.59	1002.31
1773.89	990.45
1774.2	1002.59
1774.5	966.735
1774.8	950.877
1775.1	1005.02
1775.4	979.162
1775.7	979.304
1776	997.447
1776.3	979.589
1776.6	953.731
1776.9	997.874
1777.2	974.016
1777.5	976.158
1777.8	1000.3
1778.1	1000.44
1778.4	960.585
1778.7	1028.73
1779	966.87
1779.29	963.012
1779.59	987.155
1779.89	1031.3
1780.19	1029.44
1780.49	991.582
1780.79	1015.72
1781.09	957.867
1781.38	938.009
1781.68	964.151
1781.98	1032.29
1782.28	1014.44
1782.58	972.578
1782.87	976.721
1783.17	982.863
1783.47	1037.01
1783.77	969.148
1784.06	1007.29
1784.36	955.432
1784.66	1021.57
1784.95	951.717
1785.25	1009.86
1785.55	1032
1785.84	990.144
1786.14	988.286
1786.44	982.429
1786.73	988.571
1787.03	992.714
1787.33	990.856
1787.62	986.998
1787.92	1003.14
1788.21	979.283
1788.51	1019.43
1788.8	995.568
1789.1	1045.71
1789.39	1029.85
1789.69	1027.99
1789.98	1018.14
1790.28	1026.28
1790.57	1022.42
1790.87	1008.56
1791.16	984.706
1791.46	974.849
1791.75	986.991
1792.05	983.133
1792.34	949.276
1792.63	989.418
1792.93	993.56
1793.22	975.703
1793.51	975.845
1793.81	1033.99
1794.1	948.13
1794.39	968.272
1794.69	1012.41
1794.98	966.557
1795.27	984.699
1795.57	950.842
1795.86	954.984
1796.15	935.126
1796.44	941.269
1796.74	997.411
1797.03	977.553
1797.32	891.696
1797.61	959.838
1797.9	907.98
1798.2	934.123
1798.49	934.265
1798.78	946.407
1799.07	926.55
1799.36	896.692
1799.65	920.835
1799.94	948.977
1800.23	911.119
1800.53	915.262
1800.82	919.404
1801.11	897.546
1801.4	931.689
1801.69	929.831
1801.98	919.973
1802.27	932.116
1802.56	960.258
1802.85	912.4
1803.14	938.543
1803.43	904.685
1803.72	908.827
1804.01	908.97
1804.3	941.112
1804.59	967.254
1804.87	923.397
1805.16	947.539
1805.45	921.681
1805.74	907.824
1806.03	933.966
1806.32	938.109
1806.61	916.251
1806.9	922.393
1807.18	920.536
1807.47	910.678
1807.76	908.82
1808.05	900.963
1808.34	903.105
1808.62	893.247
1808.91	893.39
1809.2	921.532
1809.49	937.674
1809.77	901.817
1810.06	897.959
1810.35	896.101
1810.63	894.244
1810.92	886.386
1811.21	898.528
1811.49	908.671
1811.78	906.813
1812.07	870.955
1812.35	875.098
1812.64	885.24
1812.92	861.383
1813.21	917.525
1813.5	889.667
1813.78	901.81
1814.07	933.952
1814.35	876.094
1814.64	902.237
1814.92	888.379
1815.21	914.521
1815.49	882.664
1815.78	872.806
1816.06	914.948
1816.35	885.091
1816.63	933.233
1816.92	863.375
1817.2	885.518
1817.48	883.66
1817.77	863.802
1818.05	883.945
1818.34	908.087
1818.62	894.229
1818.9	904.372
1819.19	884.514
1819.47	888.657
1819.75	862.799
1820.04	898.941
1820.32	875.084
1820.6	881.226
1820.88	877.368
1821.17	901.511
1821.45	875.653
1821.73	903.795
1822.01	917.938
1822.3	880.08
1822.58	900.222
1822.86	888.365
1823.14	920.507
1823.42	890.649
1823.71	870.792
1823.99	868.934
1824.27	897.076
1824.55	891.219
1824.83	849.361
1825.11	899.504
1825.39	909.646
1825.67	883.788
1825.95	869.931
1826.23	894.073
1826.51	872.215
1826.8	880.358
1827.08	920.5
1827.36	868.642
1827.64	894.785
1827.92	894.927
1828.19	859.069
1828.47	925.212
1828.75	899.354
1829.03	863.496
1829.31	901.639
1829.59	901.781
1829.87	879.923
1830.15	832.066
1830.43	838.208
1830.71	886.35
1830.99	844.493
1831.26	842.635
1831.54	890.778
1831.82	864.92
1832.1	913.062
1832.38	893.205
1832.66	877.347
1832.93	831.489
1833.21	879.632
1833.49	855.774
1833.77	885.916
1834.04	836.059
1834.32	868.201
1834.6	848.343
1834.88	870.486
1835.15	886.628
1835.43	822.77
1835.71	834.913
1835.98	877.055
1836.26	853.197
1836.53	845.34
1836.81	887.482
1837.09	863.625
1837.36	831.767
1837.64	831.909
1837.91	880.052
1838.19	848.194
1838.47	872.336
1838.74	838.479
1839.02	890.621
1839.29	862.763
1839.57	824.906
1839.84	863.048
1840.12	861.19
1840.39	845.333
1840.67	847.475
1840.94	849.617
1841.21	849.76
1841.49	869.902
1841.76	830.044
1842.04	868.187
1842.31	850.329
1842.58	848.471
1842.86	832.614
1843.13	864.756
1843.41	826.898
1843.68	873.041
1843.95	865.183
1844.23	825.326
1844.5	871.468
1844.77	855.61
1845.04	865.753
1845.32	843.895
1845.59	854.037
1845.86	852.18
1846.13	848.322
1846.41	812.464
1846.68	808.607
1846.95	846.749
1847.22	844.891
1847.49	857.034
1847.76	861.176
1848.04	825.318
1848.31	867.461
1848.58	863.603
1848.85	837.745
1849.12	821.888
1849.39	842.03
1849.66	850.172
1849.93	790.315
1850.2	824.457
1850.47	858.6
1850.74	856.742
1851.02	862.884
1851.29	839.027
1851.56	795.169
1851.82	853.311
1852.09	825.454
1852.36	845.596
1852.63	861.738
1852.9	813.881
1853.17	820.023
1853.44	838.165
1853.71	848.308
1853.98	816.45
1854.25	804.592
1854.52	792.735
1854.79	842.877
1855.06	809.019
1855.32	841.162
1855.59	815.304
1855.86	829.447
1856.13	829.589
1856.4	825.731
1856.66	809.874
1856.93	818.016
1857.2	808.158
1857.47	812.301
1857.73	820.443
1858	834.585
1858.27	834.728
1858.53	818.87
1858.8	833.012
1859.07	827.155
1859.34	827.297
1859.6	837.439
1859.87	841.582
1860.13	843.724
1860.4	823.866
1860.67	860.009
1860.93	810.151
1861.2	800.294
1861.46	782.436
1861.73	820.578
1862	814.721
1862.26	820.863
1862.53	817.005
1862.79	821.148
1863.06	803.29
1863.32	815.432
1863.59	799.575
1863.85	807.717
1864.12	809.859
1864.38	804.002
1864.64	796.144
1864.91	808.286
1865.17	818.429
1865.44	814.571
1865.7	810.713
1865.96	798.856
1866.23	806.998
1866.49	829.14
1866.76	829.283
1867.02	831.425
1867.28	807.568
1867.55	815.71
1867.81	809.852
1868.07	799.995
1868.33	800.137
1868.6	790.279
1868.86	786.422
1869.12	786.564
1869.38	792.706
1869.65	794.849
1869.91	770.991
1870.17	797.061
1870.43	822.797
1870.69	818.856
1870.95	795.532
1871.22	791.818
1871.48	839.482
1871.74	784.299
1872	781.223
1872.26	799.566
1872.52	782.388
1872.78	791.406
1873.04	813.349
1873.3	813.551
1873.56	798.532
1873.82	766.649
1874.08	796.559
1874.34	793.141
1874.6	811.862
1874.86	789.539
1875.12	788.556
1875.38	751.872
1875.64	778.061
1875.9	782.278
1876.16	777.077
1876.42	782.731
1876.68	769.302
1876.94	787.564
1877.2	774.126
1877.46	773.522
1877.72	809.969
1877.97	739.523
1878.23	781.436
1878.49	779.401
1878.75	753.891
1879.01	773.275
1879.26	782.576
1879.52	755.254
1879.78	778.704
1880.04	805.323
1880.3	783.276
1880.55	785.653
1880.81	772.998
1881.07	765.244
1881.32	776.284
1881.58	781.484
1881.84	773.844
1882.09	776.199
1882.35	782.088
1882.61	783.606
1882.86	765.196
1883.12	746.944
1883.38	777.452
1883.63	757.254
1883.89	740.227
1884.14	778.277
1884.4	759.171
1884.65	766.769
1884.91	786.783
1885.16	770.035
1885.42	770.973
1885.67	773.056
1885.93	746.787
1886.18	761.754
1886.44	772.938
1886.69	781.693
1886.95	784.853
1887.2	778.039
1887.46	772.024
1887.71	774.992
1887.96	779.917
1888.22	763.201
1888.47	757.767
1888.73	758.448
1888.98	755.755
1889.23	747.293
1889.49	745.231
1889.74	746.13
1889.99	766.203
1890.24	756.808
1890.5	747.745
1890.75	754.701
1891	744.81
1891.26	770.837
1891.51	773.133
1891.76	743.169
1892.01	758.016
1892.26	759.475
1892.52	737.054
1892.77	736.291
1893.02	752.488
1893.27	759.43
1893.52	742.288
1893.77	728.977
1894.03	728.98
1894.28	763.667
1894.53	769.261
1894.78	758.585
1895.03	764.42
1895.28	766.481
1895.53	751.355
1895.78	742.077
1896.03	739.697
1896.28	735.307
1896.53	732.991
1896.78	743.336
1897.03	755.408
1897.28	741.161
1897.53	738.707
1897.78	761.222
1898.03	725.353
1898.28	728.579
1898.53	739.374
1898.78	748.301
1899.02	755.802
1899.27	777.979
1899.52	727.621
1899.77	730.987
1899.86	735.216
1900.16	763.309
1900.47	723.402
1900.77	775.495
1901.07	735.588
1901.37	733.681
1901.68	731.774
1901.98	789.868
1902.28	737.961
1902.58	750.054
1902.89	740.147
1903.19	714.24
1903.49	746.333
1903.79	750.426
1904.09	694.52
1904.39	756.613
1904.7	688.706
1905	740.799
1905.3	744.892
1905.6	732.985
1905.9	691.078
1906.2	753.171
1906.5	693.265
1906.8	715.358
1907.1	733.451
1907.41	733.544
1907.71	713.637
1908.01	757.73
1908.31	729.823
1908.61	745.917
1908.91	738.01
1909.21	714.103
1909.51	694.196
1909.81	732.289
1910.11	674.382
1910.41	724.475
1910.7	688.569
1911	696.662
1911.3	672.755
1911.6	700.848
1911.9	678.941
1912.2	691.034
1912.5	683.127
1912.8	697.221
1913.1	735.314
1913.4	683.407
1913.69	707.5
1913.99	701.593
1914.29	657.686
1914.59	713.779
1914.89	689.872
1915.18	721.966
1915.48	730.059
1915.78	694.152
1916.08	708.245
1916.37	698.338
1916.67	694.431
1916.97	672.524
1917.27	696.618
1917.56	660.711
1917.86	700.804
1918.16	712.897
1918.45	678.99
1918.75	711.083
1919.05	697.176
1919.34	697.27
1919.64	683.363
1919.94	661.456
1920.23	691.549
1920.53	711.642
1920.82	671.735
1921.12	695.828
1921.42	703.922
1921.71	702.015
1922.01	706.108
1922.3	706.201
1922.6	692.294
1922.89	694.387
1923.19	670.48
1923.48	682.573
1923.78	698.667
1924.07	682.76
1924.37	662.853
1924.66	676.946
1924.96	677.039
1925.25	655.132
1925.55	673.225
1925.84	673.319
1926.13	655.412
1926.43	661.505
1926.72	673.598
1927.01	663.691
1927.31	691.784
1927.6	667.877
1927.9	667.971
1928.19	680.064
1928.48	668.157
1928.78	666.25
1929.07	650.343
1929.36	702.436
1929.65	662.529
1929.95	686.622
1930.24	690.716
1930.53	674.809
1930.82	678.902
1931.12	664.995
1931.41	653.088
1931.7	649.181
1931.99	675.274
1932.28	649.368
1932.58	669.461
1932.87	683.554
1933.16	665.647
1933.45	645.74
1933.74	681.833
1934.03	639.926
1934.32	684.02
1934.62	660.113
1934.91	650.206
1935.2	656.299
1935.49	656.392
1935.78	676.485
1936.07	676.578
1936.36	644.672
1936.65	658.765
1936.94	668.858
1937.23	656.951
1937.52	661.044
1937.81	653.137
1938.1	663.23
1938.39	669.323
1938.68	623.417
1938.97	641.51
1939.26	671.603
1939.55	633.696
1939.84	643.789
1940.13	693.882
1940.41	637.975
1940.7	676.069
1940.99	662.162
1941.28	646.255
1941.57	660.348
1941.86	646.441
1942.15	624.534
1942.43	658.627
1942.72	656.721
1943.01	658.814
1943.3	638.907
1943.59	659
1943.87	625.093
1944.16	669.186
1944.45	655.279
1944.74	625.372
1945.02	657.466
1945.31	641.559
1945.6	639.652
1945.88	631.745
1946.17	629.838
1946.46	635.931
1946.74	656.024
1947.03	626.118
1947.32	656.211
1947.6	628.304
1947.89	660.397
1948.18	636.49
1948.46	660.583
1948.75	646.676
1949.03	642.77
1949.32	612.863
1949.6	650.956
1949.89	615.049
1950.18	629.142
1950.46	631.235
1950.75	621.328
1951.03	615.422
1951.32	637.515
1951.6	621.608
1951.89	641.701
1952.17	599.794
1952.45	617.887
1952.74	631.98
1953.02	636.073
1953.31	634.167
1953.59	630.26
1953.88	620.353
1954.16	662.446
1954.44	602.539
1954.73	632.632
1955.01	620.725
1955.29	636.819
1955.58	614.912
1955.86	611.005
1956.14	601.098
1956.43	619.191
1956.71	613.284
1956.99	603.377
1957.28	637.471
1957.56	593.564
1957.84	621.657
1958.12	617.75
1958.41	653.843
1958.69	615.936
1958.97	610.029
1959.25	614.122
1959.53	598.216
1959.82	620.309
1960.1	622.402
1960.38	582.495
1960.66	582.588
1960.94	628.681
1961.22	606.774
1961.5	616.868
1961.79	590.961
1962.07	577.054
1962.35	603.147
1962.63	589.24
1962.91	601.333
1963.19	599.426
1963.47	605.52
1963.75	593.613
1964.03	599.706
1964.31	605.799
1964.59	601.892
1964.87	607.985
1965.15	588.078
1965.43	600.172
1965.71	594.265
1965.99	600.358
1966.27	570.451
1966.55	576.544
1966.83	596.637
1967.11	606.73
1967.38	606.823
1967.66	588.917
1967.94	595.01
1968.22	595.103
1968.5	583.196
1968.78	587.289
1969.06	615.382
1969.33	573.475
1969.61	581.569
1969.89	595.662
1970.17	571.755
1970.45	581.848
1970.72	569.941
1971	568.034
1971.28	596.127
1971.56	602.221
1971.83	560.314
1972.11	592.407
1972.39	588.5
1972.67	582.593
1972.94	564.686
1973.22	598.779
1973.5	578.872
1973.77	584.966
1974.05	583.059
1974.32	577.152
1974.6	579.245
1974.88	567.338
1975.15	541.431
1975.43	577.524
1975.7	547.618
1975.98	573.711
1976.26	557.804
1976.53	559.897
1976.81	575.99
1977.08	584.083
1977.36	546.176
1977.63	570.27
1977.91	578.363
1978.18	572.456
1978.46	564.549
1978.73	604.642
1979.01	570.735
1979.28	582.828
1979.55	562.922
1979.83	555.015
1980.1	583.108
1980.38	587.201
1980.65	569.294
1980.92	575.387
1981.2	581.48
1981.47	597.573
1981.75	573.667
1982.02	565.76
1982.29	577.853
1982.56	563.946
1982.84	596.039
1983.11	534.132
1983.38	594.225
1983.66	566.319
1983.93	554.412
1984.2	566.505
1984.47	580.598
1984.75	558.691
1985.02	560.784
1985.29	556.877
1985.56	538.971
1985.83	549.064
1986.11	571.157
1986.38	559.25
1986.65	559.343
1986.92	559.436
1987.19	563.529
1987.46	557.623
1987.73	565.716
1988.01	547.809
1988.28	565.902
1988.55	557.995
1988.82	562.088
1989.09	532.181
1989.36	554.274
1989.63	562.368
1989.9	546.461
1990.17	564.554
1990.44	548.647
1990.71	556.74
1990.98	552.833
1991.25	574.926
1991.52	533.02
1991.79	547.113
1992.06	531.206
1992.33	513.299
1992.6	551.392
1992.87	535.485
1993.13	561.578
1993.4	549.672
1993.67	527.765
1993.94	541.858
1994.21	549.951
1994.48	540.044
1994.75	516.137
1995.01	548.23
1995.28	544.324
1995.55	548.417
1995.82	562.51
1996.09	538.603
1996.35	532.696
1996.62	534.789
1996.89	544.882
1997.16	530.975
1997.42	527.069
1997.69	501.162
1997.96	529.255
1998.22	547.348
1998.49	555.441
1998.76	509.534
1999.03	541.627
1999.29	521.721
1999.56	553.814
1999.82	547.907
